v1	V(n002)	V(n003)	d(V(n003))
0.000000000000000e+000	0.000000e+000	1.200000e+000	0.000000e+000
1.000000000000000e-003	1.000000e-003	1.200000e+000	0.000000e+000
2.000000000000000e-003	2.000000e-003	1.200000e+000	0.000000e+000
3.000000000000000e-003	3.000000e-003	1.200000e+000	0.000000e+000
4.000000000000000e-003	4.000000e-003	1.200000e+000	0.000000e+000
5.000000000000000e-003	5.000000e-003	1.200000e+000	0.000000e+000
6.000000000000000e-003	6.000000e-003	1.200000e+000	0.000000e+000
7.000000000000000e-003	7.000000e-003	1.200000e+000	0.000000e+000
8.000000000000000e-003	8.000000e-003	1.200000e+000	0.000000e+000
9.000000000000001e-003	9.000000e-003	1.200000e+000	0.000000e+000
1.000000000000000e-002	1.000000e-002	1.200000e+000	0.000000e+000
1.100000000000000e-002	1.100000e-002	1.200000e+000	0.000000e+000
1.200000000000000e-002	1.200000e-002	1.200000e+000	0.000000e+000
1.300000000000001e-002	1.300000e-002	1.200000e+000	0.000000e+000
1.400000000000001e-002	1.400000e-002	1.200000e+000	0.000000e+000
1.500000000000001e-002	1.500000e-002	1.200000e+000	0.000000e+000
1.600000000000001e-002	1.600000e-002	1.200000e+000	0.000000e+000
1.700000000000001e-002	1.700000e-002	1.200000e+000	0.000000e+000
1.800000000000001e-002	1.800000e-002	1.200000e+000	0.000000e+000
1.900000000000001e-002	1.900000e-002	1.200000e+000	0.000000e+000
2.000000000000001e-002	2.000000e-002	1.200000e+000	0.000000e+000
2.100000000000001e-002	2.100000e-002	1.200000e+000	0.000000e+000
2.200000000000001e-002	2.200000e-002	1.200000e+000	0.000000e+000
2.300000000000001e-002	2.300000e-002	1.200000e+000	0.000000e+000
2.400000000000001e-002	2.400000e-002	1.200000e+000	0.000000e+000
2.500000000000002e-002	2.500000e-002	1.200000e+000	0.000000e+000
2.600000000000002e-002	2.600000e-002	1.200000e+000	0.000000e+000
2.700000000000002e-002	2.700000e-002	1.200000e+000	0.000000e+000
2.800000000000002e-002	2.800000e-002	1.200000e+000	0.000000e+000
2.900000000000002e-002	2.900000e-002	1.200000e+000	0.000000e+000
3.000000000000002e-002	3.000000e-002	1.200000e+000	0.000000e+000
3.100000000000002e-002	3.100000e-002	1.200000e+000	0.000000e+000
3.200000000000002e-002	3.200000e-002	1.200000e+000	0.000000e+000
3.300000000000002e-002	3.300000e-002	1.200000e+000	0.000000e+000
3.400000000000002e-002	3.400000e-002	1.200000e+000	0.000000e+000
3.500000000000002e-002	3.500000e-002	1.200000e+000	0.000000e+000
3.600000000000003e-002	3.600000e-002	1.200000e+000	0.000000e+000
3.700000000000003e-002	3.700000e-002	1.200000e+000	0.000000e+000
3.800000000000003e-002	3.800000e-002	1.200000e+000	0.000000e+000
3.900000000000003e-002	3.900000e-002	1.200000e+000	0.000000e+000
4.000000000000003e-002	4.000000e-002	1.200000e+000	0.000000e+000
4.100000000000003e-002	4.100000e-002	1.200000e+000	0.000000e+000
4.200000000000003e-002	4.200000e-002	1.200000e+000	0.000000e+000
4.300000000000003e-002	4.300000e-002	1.200000e+000	0.000000e+000
4.400000000000003e-002	4.400000e-002	1.200000e+000	0.000000e+000
4.500000000000003e-002	4.500000e-002	1.200000e+000	0.000000e+000
4.600000000000003e-002	4.600000e-002	1.200000e+000	0.000000e+000
4.700000000000004e-002	4.700000e-002	1.200000e+000	0.000000e+000
4.800000000000004e-002	4.800000e-002	1.200000e+000	0.000000e+000
4.900000000000004e-002	4.900000e-002	1.200000e+000	0.000000e+000
5.000000000000004e-002	5.000000e-002	1.200000e+000	0.000000e+000
5.100000000000004e-002	5.100000e-002	1.200000e+000	0.000000e+000
5.200000000000004e-002	5.200000e-002	1.200000e+000	0.000000e+000
5.300000000000004e-002	5.300000e-002	1.200000e+000	0.000000e+000
5.400000000000004e-002	5.400000e-002	1.200000e+000	0.000000e+000
5.500000000000004e-002	5.500000e-002	1.200000e+000	0.000000e+000
5.600000000000004e-002	5.600000e-002	1.200000e+000	0.000000e+000
5.700000000000004e-002	5.700000e-002	1.200000e+000	0.000000e+000
5.800000000000005e-002	5.800000e-002	1.200000e+000	0.000000e+000
5.900000000000005e-002	5.900000e-002	1.200000e+000	0.000000e+000
6.000000000000005e-002	6.000000e-002	1.200000e+000	0.000000e+000
6.100000000000005e-002	6.100000e-002	1.200000e+000	0.000000e+000
6.200000000000005e-002	6.200000e-002	1.200000e+000	0.000000e+000
6.300000000000004e-002	6.300000e-002	1.200000e+000	0.000000e+000
6.400000000000004e-002	6.400000e-002	1.200000e+000	0.000000e+000
6.500000000000004e-002	6.500000e-002	1.200000e+000	0.000000e+000
6.600000000000005e-002	6.600000e-002	1.200000e+000	0.000000e+000
6.700000000000005e-002	6.700000e-002	1.200000e+000	0.000000e+000
6.800000000000005e-002	6.800000e-002	1.200000e+000	0.000000e+000
6.900000000000005e-002	6.900000e-002	1.200000e+000	0.000000e+000
7.000000000000005e-002	7.000000e-002	1.200000e+000	0.000000e+000
7.100000000000005e-002	7.100000e-002	1.200000e+000	0.000000e+000
7.200000000000005e-002	7.200000e-002	1.200000e+000	0.000000e+000
7.300000000000005e-002	7.300000e-002	1.200000e+000	0.000000e+000
7.400000000000005e-002	7.400000e-002	1.200000e+000	0.000000e+000
7.500000000000005e-002	7.500000e-002	1.200000e+000	0.000000e+000
7.600000000000005e-002	7.600000e-002	1.200000e+000	0.000000e+000
7.700000000000006e-002	7.700000e-002	1.200000e+000	0.000000e+000
7.800000000000006e-002	7.800000e-002	1.200000e+000	0.000000e+000
7.900000000000006e-002	7.900000e-002	1.200000e+000	0.000000e+000
8.000000000000006e-002	8.000000e-002	1.200000e+000	0.000000e+000
8.100000000000006e-002	8.100000e-002	1.200000e+000	0.000000e+000
8.200000000000006e-002	8.200000e-002	1.200000e+000	0.000000e+000
8.300000000000006e-002	8.300000e-002	1.200000e+000	0.000000e+000
8.400000000000006e-002	8.400000e-002	1.200000e+000	0.000000e+000
8.500000000000006e-002	8.500000e-002	1.200000e+000	0.000000e+000
8.600000000000006e-002	8.600000e-002	1.200000e+000	0.000000e+000
8.700000000000006e-002	8.700000e-002	1.200000e+000	0.000000e+000
8.800000000000006e-002	8.800000e-002	1.200000e+000	0.000000e+000
8.900000000000007e-002	8.900000e-002	1.200000e+000	0.000000e+000
9.000000000000007e-002	9.000000e-002	1.200000e+000	0.000000e+000
9.100000000000007e-002	9.100000e-002	1.200000e+000	0.000000e+000
9.200000000000007e-002	9.200000e-002	1.200000e+000	0.000000e+000
9.300000000000007e-002	9.300000e-002	1.200000e+000	0.000000e+000
9.400000000000007e-002	9.400000e-002	1.200000e+000	0.000000e+000
9.500000000000007e-002	9.500000e-002	1.200000e+000	0.000000e+000
9.600000000000007e-002	9.600000e-002	1.200000e+000	0.000000e+000
9.700000000000007e-002	9.700000e-002	1.200000e+000	0.000000e+000
9.800000000000007e-002	9.800000e-002	1.200000e+000	0.000000e+000
9.900000000000007e-002	9.900000e-002	1.200000e+000	0.000000e+000
1.000000000000001e-001	1.000000e-001	1.200000e+000	0.000000e+000
1.010000000000001e-001	1.010000e-001	1.200000e+000	0.000000e+000
1.020000000000001e-001	1.020000e-001	1.200000e+000	0.000000e+000
1.030000000000001e-001	1.030000e-001	1.200000e+000	0.000000e+000
1.040000000000001e-001	1.040000e-001	1.200000e+000	0.000000e+000
1.050000000000001e-001	1.050000e-001	1.200000e+000	0.000000e+000
1.060000000000001e-001	1.060000e-001	1.200000e+000	0.000000e+000
1.070000000000001e-001	1.070000e-001	1.200000e+000	0.000000e+000
1.080000000000001e-001	1.080000e-001	1.200000e+000	0.000000e+000
1.090000000000001e-001	1.090000e-001	1.200000e+000	0.000000e+000
1.100000000000001e-001	1.100000e-001	1.200000e+000	0.000000e+000
1.110000000000001e-001	1.110000e-001	1.200000e+000	0.000000e+000
1.120000000000001e-001	1.120000e-001	1.200000e+000	0.000000e+000
1.130000000000001e-001	1.130000e-001	1.200000e+000	0.000000e+000
1.140000000000001e-001	1.140000e-001	1.200000e+000	0.000000e+000
1.150000000000001e-001	1.150000e-001	1.200000e+000	0.000000e+000
1.160000000000001e-001	1.160000e-001	1.200000e+000	0.000000e+000
1.170000000000001e-001	1.170000e-001	1.200000e+000	0.000000e+000
1.180000000000001e-001	1.180000e-001	1.200000e+000	0.000000e+000
1.190000000000001e-001	1.190000e-001	1.200000e+000	0.000000e+000
1.200000000000001e-001	1.200000e-001	1.200000e+000	0.000000e+000
1.210000000000001e-001	1.210000e-001	1.200000e+000	0.000000e+000
1.220000000000001e-001	1.220000e-001	1.200000e+000	0.000000e+000
1.230000000000001e-001	1.230000e-001	1.200000e+000	0.000000e+000
1.240000000000001e-001	1.240000e-001	1.200000e+000	0.000000e+000
1.250000000000001e-001	1.250000e-001	1.200000e+000	0.000000e+000
1.260000000000001e-001	1.260000e-001	1.200000e+000	0.000000e+000
1.270000000000001e-001	1.270000e-001	1.200000e+000	0.000000e+000
1.280000000000001e-001	1.280000e-001	1.200000e+000	0.000000e+000
1.290000000000001e-001	1.290000e-001	1.200000e+000	0.000000e+000
1.300000000000001e-001	1.300000e-001	1.200000e+000	0.000000e+000
1.310000000000001e-001	1.310000e-001	1.200000e+000	0.000000e+000
1.320000000000001e-001	1.320000e-001	1.200000e+000	0.000000e+000
1.330000000000001e-001	1.330000e-001	1.200000e+000	0.000000e+000
1.340000000000001e-001	1.340000e-001	1.200000e+000	0.000000e+000
1.350000000000001e-001	1.350000e-001	1.200000e+000	0.000000e+000
1.360000000000001e-001	1.360000e-001	1.200000e+000	0.000000e+000
1.370000000000001e-001	1.370000e-001	1.200000e+000	0.000000e+000
1.380000000000001e-001	1.380000e-001	1.200000e+000	0.000000e+000
1.390000000000001e-001	1.390000e-001	1.200000e+000	0.000000e+000
1.400000000000001e-001	1.400000e-001	1.200000e+000	0.000000e+000
1.410000000000001e-001	1.410000e-001	1.200000e+000	0.000000e+000
1.420000000000001e-001	1.420000e-001	1.200000e+000	0.000000e+000
1.430000000000001e-001	1.430000e-001	1.200000e+000	0.000000e+000
1.440000000000001e-001	1.440000e-001	1.200000e+000	0.000000e+000
1.450000000000001e-001	1.450000e-001	1.200000e+000	0.000000e+000
1.460000000000001e-001	1.460000e-001	1.200000e+000	0.000000e+000
1.470000000000001e-001	1.470000e-001	1.200000e+000	0.000000e+000
1.480000000000001e-001	1.480000e-001	1.200000e+000	0.000000e+000
1.490000000000001e-001	1.490000e-001	1.200000e+000	0.000000e+000
1.500000000000001e-001	1.500000e-001	1.200000e+000	0.000000e+000
1.510000000000001e-001	1.510000e-001	1.200000e+000	0.000000e+000
1.520000000000001e-001	1.520000e-001	1.200000e+000	0.000000e+000
1.530000000000001e-001	1.530000e-001	1.200000e+000	0.000000e+000
1.540000000000001e-001	1.540000e-001	1.200000e+000	0.000000e+000
1.550000000000001e-001	1.550000e-001	1.200000e+000	0.000000e+000
1.560000000000001e-001	1.560000e-001	1.200000e+000	0.000000e+000
1.570000000000001e-001	1.570000e-001	1.200000e+000	0.000000e+000
1.580000000000001e-001	1.580000e-001	1.200000e+000	0.000000e+000
1.590000000000001e-001	1.590000e-001	1.200000e+000	0.000000e+000
1.600000000000001e-001	1.600000e-001	1.200000e+000	0.000000e+000
1.610000000000001e-001	1.610000e-001	1.200000e+000	0.000000e+000
1.620000000000001e-001	1.620000e-001	1.200000e+000	0.000000e+000
1.630000000000001e-001	1.630000e-001	1.200000e+000	0.000000e+000
1.640000000000001e-001	1.640000e-001	1.200000e+000	0.000000e+000
1.650000000000001e-001	1.650000e-001	1.200000e+000	0.000000e+000
1.660000000000001e-001	1.660000e-001	1.200000e+000	0.000000e+000
1.670000000000001e-001	1.670000e-001	1.200000e+000	0.000000e+000
1.680000000000001e-001	1.680000e-001	1.200000e+000	0.000000e+000
1.690000000000001e-001	1.690000e-001	1.200000e+000	0.000000e+000
1.700000000000001e-001	1.700000e-001	1.200000e+000	0.000000e+000
1.710000000000001e-001	1.710000e-001	1.200000e+000	0.000000e+000
1.720000000000001e-001	1.720000e-001	1.200000e+000	0.000000e+000
1.730000000000001e-001	1.730000e-001	1.200000e+000	0.000000e+000
1.740000000000001e-001	1.740000e-001	1.200000e+000	0.000000e+000
1.750000000000001e-001	1.750000e-001	1.200000e+000	0.000000e+000
1.760000000000001e-001	1.760000e-001	1.200000e+000	0.000000e+000
1.770000000000001e-001	1.770000e-001	1.200000e+000	0.000000e+000
1.780000000000001e-001	1.780000e-001	1.200000e+000	0.000000e+000
1.790000000000001e-001	1.790000e-001	1.200000e+000	0.000000e+000
1.800000000000001e-001	1.800000e-001	1.200000e+000	0.000000e+000
1.810000000000001e-001	1.810000e-001	1.200000e+000	0.000000e+000
1.820000000000001e-001	1.820000e-001	1.200000e+000	0.000000e+000
1.830000000000001e-001	1.830000e-001	1.200000e+000	0.000000e+000
1.840000000000001e-001	1.840000e-001	1.200000e+000	0.000000e+000
1.850000000000001e-001	1.850000e-001	1.200000e+000	0.000000e+000
1.860000000000001e-001	1.860000e-001	1.200000e+000	0.000000e+000
1.870000000000001e-001	1.870000e-001	1.200000e+000	0.000000e+000
1.880000000000001e-001	1.880000e-001	1.200000e+000	0.000000e+000
1.890000000000001e-001	1.890000e-001	1.200000e+000	0.000000e+000
1.900000000000001e-001	1.900000e-001	1.200000e+000	0.000000e+000
1.910000000000001e-001	1.910000e-001	1.200000e+000	0.000000e+000
1.920000000000001e-001	1.920000e-001	1.200000e+000	0.000000e+000
1.930000000000001e-001	1.930000e-001	1.200000e+000	0.000000e+000
1.940000000000001e-001	1.940000e-001	1.200000e+000	0.000000e+000
1.950000000000002e-001	1.950000e-001	1.200000e+000	0.000000e+000
1.960000000000002e-001	1.960000e-001	1.200000e+000	0.000000e+000
1.970000000000002e-001	1.970000e-001	1.200000e+000	0.000000e+000
1.980000000000002e-001	1.980000e-001	1.200000e+000	0.000000e+000
1.990000000000002e-001	1.990000e-001	1.200000e+000	0.000000e+000
2.000000000000002e-001	2.000000e-001	1.200000e+000	0.000000e+000
2.010000000000002e-001	2.010000e-001	1.200000e+000	0.000000e+000
2.020000000000002e-001	2.020000e-001	1.200000e+000	0.000000e+000
2.030000000000002e-001	2.030000e-001	1.200000e+000	0.000000e+000
2.040000000000002e-001	2.040000e-001	1.200000e+000	0.000000e+000
2.050000000000002e-001	2.050000e-001	1.200000e+000	0.000000e+000
2.060000000000002e-001	2.060000e-001	1.200000e+000	0.000000e+000
2.070000000000002e-001	2.070000e-001	1.200000e+000	0.000000e+000
2.080000000000002e-001	2.080000e-001	1.200000e+000	0.000000e+000
2.090000000000002e-001	2.090000e-001	1.200000e+000	0.000000e+000
2.100000000000002e-001	2.100000e-001	1.200000e+000	0.000000e+000
2.110000000000002e-001	2.110000e-001	1.200000e+000	0.000000e+000
2.120000000000002e-001	2.120000e-001	1.200000e+000	0.000000e+000
2.130000000000002e-001	2.130000e-001	1.200000e+000	0.000000e+000
2.140000000000002e-001	2.140000e-001	1.200000e+000	0.000000e+000
2.150000000000002e-001	2.150000e-001	1.200000e+000	0.000000e+000
2.160000000000002e-001	2.160000e-001	1.200000e+000	0.000000e+000
2.170000000000002e-001	2.170000e-001	1.200000e+000	0.000000e+000
2.180000000000002e-001	2.180000e-001	1.200000e+000	0.000000e+000
2.190000000000002e-001	2.190000e-001	1.200000e+000	0.000000e+000
2.200000000000002e-001	2.200000e-001	1.200000e+000	0.000000e+000
2.210000000000002e-001	2.210000e-001	1.200000e+000	0.000000e+000
2.220000000000002e-001	2.220000e-001	1.200000e+000	0.000000e+000
2.230000000000002e-001	2.230000e-001	1.200000e+000	0.000000e+000
2.240000000000002e-001	2.240000e-001	1.200000e+000	0.000000e+000
2.250000000000002e-001	2.250000e-001	1.200000e+000	0.000000e+000
2.260000000000002e-001	2.260000e-001	1.200000e+000	0.000000e+000
2.270000000000002e-001	2.270000e-001	1.200000e+000	0.000000e+000
2.280000000000002e-001	2.280000e-001	1.200000e+000	0.000000e+000
2.290000000000002e-001	2.290000e-001	1.200000e+000	0.000000e+000
2.300000000000002e-001	2.300000e-001	1.200000e+000	0.000000e+000
2.310000000000002e-001	2.310000e-001	1.200000e+000	0.000000e+000
2.320000000000002e-001	2.320000e-001	1.200000e+000	0.000000e+000
2.330000000000002e-001	2.330000e-001	1.200000e+000	0.000000e+000
2.340000000000002e-001	2.340000e-001	1.200000e+000	0.000000e+000
2.350000000000002e-001	2.350000e-001	1.200000e+000	0.000000e+000
2.360000000000002e-001	2.360000e-001	1.200000e+000	0.000000e+000
2.370000000000002e-001	2.370000e-001	1.200000e+000	0.000000e+000
2.380000000000002e-001	2.380000e-001	1.200000e+000	0.000000e+000
2.390000000000002e-001	2.390000e-001	1.200000e+000	0.000000e+000
2.400000000000002e-001	2.400000e-001	1.200000e+000	0.000000e+000
2.410000000000002e-001	2.410000e-001	1.200000e+000	0.000000e+000
2.420000000000002e-001	2.420000e-001	1.200000e+000	0.000000e+000
2.430000000000002e-001	2.430000e-001	1.200000e+000	0.000000e+000
2.440000000000002e-001	2.440000e-001	1.200000e+000	0.000000e+000
2.450000000000002e-001	2.450000e-001	1.200000e+000	0.000000e+000
2.460000000000002e-001	2.460000e-001	1.200000e+000	0.000000e+000
2.470000000000002e-001	2.470000e-001	1.200000e+000	0.000000e+000
2.480000000000002e-001	2.480000e-001	1.200000e+000	0.000000e+000
2.490000000000002e-001	2.490000e-001	1.200000e+000	0.000000e+000
2.500000000000002e-001	2.500000e-001	1.200000e+000	0.000000e+000
2.510000000000002e-001	2.510000e-001	1.200000e+000	0.000000e+000
2.520000000000002e-001	2.520000e-001	1.200000e+000	0.000000e+000
2.530000000000002e-001	2.530000e-001	1.200000e+000	0.000000e+000
2.540000000000002e-001	2.540000e-001	1.200000e+000	0.000000e+000
2.550000000000002e-001	2.550000e-001	1.200000e+000	0.000000e+000
2.560000000000002e-001	2.560000e-001	1.200000e+000	0.000000e+000
2.570000000000002e-001	2.570000e-001	1.200000e+000	0.000000e+000
2.580000000000002e-001	2.580000e-001	1.200000e+000	0.000000e+000
2.590000000000002e-001	2.590000e-001	1.200000e+000	0.000000e+000
2.600000000000002e-001	2.600000e-001	1.200000e+000	0.000000e+000
2.610000000000002e-001	2.610000e-001	1.200000e+000	0.000000e+000
2.620000000000002e-001	2.620000e-001	1.200000e+000	0.000000e+000
2.630000000000002e-001	2.630000e-001	1.200000e+000	0.000000e+000
2.640000000000002e-001	2.640000e-001	1.200000e+000	0.000000e+000
2.650000000000002e-001	2.650000e-001	1.200000e+000	0.000000e+000
2.660000000000002e-001	2.660000e-001	1.200000e+000	0.000000e+000
2.670000000000002e-001	2.670000e-001	1.200000e+000	0.000000e+000
2.680000000000002e-001	2.680000e-001	1.200000e+000	0.000000e+000
2.690000000000002e-001	2.690000e-001	1.200000e+000	0.000000e+000
2.700000000000002e-001	2.700000e-001	1.200000e+000	0.000000e+000
2.710000000000002e-001	2.710000e-001	1.200000e+000	0.000000e+000
2.720000000000002e-001	2.720000e-001	1.200000e+000	0.000000e+000
2.730000000000002e-001	2.730000e-001	1.200000e+000	0.000000e+000
2.740000000000002e-001	2.740000e-001	1.200000e+000	0.000000e+000
2.750000000000002e-001	2.750000e-001	1.200000e+000	0.000000e+000
2.760000000000002e-001	2.760000e-001	1.200000e+000	0.000000e+000
2.770000000000002e-001	2.770000e-001	1.200000e+000	0.000000e+000
2.780000000000002e-001	2.780000e-001	1.200000e+000	0.000000e+000
2.790000000000002e-001	2.790000e-001	1.200000e+000	0.000000e+000
2.800000000000002e-001	2.800000e-001	1.200000e+000	0.000000e+000
2.810000000000002e-001	2.810000e-001	1.200000e+000	0.000000e+000
2.820000000000002e-001	2.820000e-001	1.200000e+000	0.000000e+000
2.830000000000002e-001	2.830000e-001	1.200000e+000	0.000000e+000
2.840000000000002e-001	2.840000e-001	1.200000e+000	0.000000e+000
2.850000000000002e-001	2.850000e-001	1.200000e+000	0.000000e+000
2.860000000000002e-001	2.860000e-001	1.200000e+000	0.000000e+000
2.870000000000002e-001	2.870000e-001	1.200000e+000	0.000000e+000
2.880000000000002e-001	2.880000e-001	1.200000e+000	0.000000e+000
2.890000000000002e-001	2.890000e-001	1.200000e+000	0.000000e+000
2.900000000000002e-001	2.900000e-001	1.200000e+000	0.000000e+000
2.910000000000002e-001	2.910000e-001	1.200000e+000	0.000000e+000
2.920000000000002e-001	2.920000e-001	1.200000e+000	0.000000e+000
2.930000000000002e-001	2.930000e-001	1.200000e+000	0.000000e+000
2.940000000000002e-001	2.940000e-001	1.200000e+000	0.000000e+000
2.950000000000002e-001	2.950000e-001	1.200000e+000	0.000000e+000
2.960000000000002e-001	2.960000e-001	1.200000e+000	0.000000e+000
2.970000000000002e-001	2.970000e-001	1.200000e+000	0.000000e+000
2.980000000000002e-001	2.980000e-001	1.200000e+000	0.000000e+000
2.990000000000002e-001	2.990000e-001	1.200000e+000	0.000000e+000
3.000000000000002e-001	3.000000e-001	1.200000e+000	0.000000e+000
3.010000000000002e-001	3.010000e-001	1.200000e+000	0.000000e+000
3.020000000000002e-001	3.020000e-001	1.200000e+000	0.000000e+000
3.030000000000002e-001	3.030000e-001	1.200000e+000	0.000000e+000
3.040000000000002e-001	3.040000e-001	1.200000e+000	0.000000e+000
3.050000000000002e-001	3.050000e-001	1.200000e+000	0.000000e+000
3.060000000000002e-001	3.060000e-001	1.200000e+000	0.000000e+000
3.070000000000002e-001	3.070000e-001	1.200000e+000	0.000000e+000
3.080000000000002e-001	3.080000e-001	1.200000e+000	0.000000e+000
3.090000000000002e-001	3.090000e-001	1.200000e+000	0.000000e+000
3.100000000000002e-001	3.100000e-001	1.200000e+000	0.000000e+000
3.110000000000002e-001	3.110000e-001	1.200000e+000	0.000000e+000
3.120000000000002e-001	3.120000e-001	1.200000e+000	0.000000e+000
3.130000000000002e-001	3.130000e-001	1.200000e+000	0.000000e+000
3.140000000000002e-001	3.140000e-001	1.200000e+000	0.000000e+000
3.150000000000002e-001	3.150000e-001	1.200000e+000	0.000000e+000
3.160000000000002e-001	3.160000e-001	1.200000e+000	0.000000e+000
3.170000000000002e-001	3.170000e-001	1.200000e+000	0.000000e+000
3.180000000000002e-001	3.180000e-001	1.200000e+000	0.000000e+000
3.190000000000002e-001	3.190000e-001	1.200000e+000	0.000000e+000
3.200000000000002e-001	3.200000e-001	1.200000e+000	0.000000e+000
3.210000000000002e-001	3.210000e-001	1.200000e+000	0.000000e+000
3.220000000000002e-001	3.220000e-001	1.200000e+000	0.000000e+000
3.230000000000002e-001	3.230000e-001	1.200000e+000	0.000000e+000
3.240000000000002e-001	3.240000e-001	1.200000e+000	0.000000e+000
3.250000000000002e-001	3.250000e-001	1.200000e+000	0.000000e+000
3.260000000000002e-001	3.260000e-001	1.200000e+000	0.000000e+000
3.270000000000002e-001	3.270000e-001	1.200000e+000	0.000000e+000
3.280000000000002e-001	3.280000e-001	1.200000e+000	0.000000e+000
3.290000000000002e-001	3.290000e-001	1.200000e+000	0.000000e+000
3.300000000000002e-001	3.300000e-001	1.200000e+000	0.000000e+000
3.310000000000002e-001	3.310000e-001	1.200000e+000	0.000000e+000
3.320000000000002e-001	3.320000e-001	1.200000e+000	0.000000e+000
3.330000000000002e-001	3.330000e-001	1.200000e+000	0.000000e+000
3.340000000000002e-001	3.340000e-001	1.200000e+000	0.000000e+000
3.350000000000002e-001	3.350000e-001	1.200000e+000	0.000000e+000
3.360000000000002e-001	3.360000e-001	1.200000e+000	0.000000e+000
3.370000000000002e-001	3.370000e-001	1.200000e+000	0.000000e+000
3.380000000000002e-001	3.380000e-001	1.200000e+000	0.000000e+000
3.390000000000003e-001	3.390000e-001	1.200000e+000	0.000000e+000
3.400000000000003e-001	3.400000e-001	1.200000e+000	0.000000e+000
3.410000000000003e-001	3.410000e-001	1.200000e+000	0.000000e+000
3.420000000000003e-001	3.420000e-001	1.200000e+000	0.000000e+000
3.430000000000003e-001	3.430000e-001	1.200000e+000	0.000000e+000
3.440000000000003e-001	3.440000e-001	1.200000e+000	0.000000e+000
3.450000000000003e-001	3.450000e-001	1.200000e+000	0.000000e+000
3.460000000000003e-001	3.460000e-001	1.200000e+000	0.000000e+000
3.470000000000003e-001	3.470000e-001	1.200000e+000	0.000000e+000
3.480000000000003e-001	3.480000e-001	1.200000e+000	0.000000e+000
3.490000000000003e-001	3.490000e-001	1.200000e+000	0.000000e+000
3.500000000000003e-001	3.500000e-001	1.200000e+000	0.000000e+000
3.510000000000003e-001	3.510000e-001	1.200000e+000	0.000000e+000
3.520000000000003e-001	3.520000e-001	1.200000e+000	0.000000e+000
3.530000000000003e-001	3.530000e-001	1.200000e+000	0.000000e+000
3.540000000000003e-001	3.540000e-001	1.200000e+000	0.000000e+000
3.550000000000003e-001	3.550000e-001	1.200000e+000	0.000000e+000
3.560000000000003e-001	3.560000e-001	1.200000e+000	0.000000e+000
3.570000000000003e-001	3.570000e-001	1.200000e+000	0.000000e+000
3.580000000000003e-001	3.580000e-001	1.200000e+000	0.000000e+000
3.590000000000003e-001	3.590000e-001	1.200000e+000	0.000000e+000
3.600000000000003e-001	3.600000e-001	1.200000e+000	0.000000e+000
3.610000000000003e-001	3.610000e-001	1.200000e+000	0.000000e+000
3.620000000000003e-001	3.620000e-001	1.200000e+000	0.000000e+000
3.630000000000003e-001	3.630000e-001	1.200000e+000	0.000000e+000
3.640000000000003e-001	3.640000e-001	1.200000e+000	0.000000e+000
3.650000000000003e-001	3.650000e-001	1.200000e+000	0.000000e+000
3.660000000000003e-001	3.660000e-001	1.200000e+000	0.000000e+000
3.670000000000003e-001	3.670000e-001	1.200000e+000	0.000000e+000
3.680000000000003e-001	3.680000e-001	1.200000e+000	0.000000e+000
3.690000000000003e-001	3.690000e-001	1.200000e+000	0.000000e+000
3.700000000000003e-001	3.700000e-001	1.200000e+000	0.000000e+000
3.710000000000003e-001	3.710000e-001	1.200000e+000	0.000000e+000
3.720000000000003e-001	3.720000e-001	1.200000e+000	0.000000e+000
3.730000000000003e-001	3.730000e-001	1.200000e+000	0.000000e+000
3.740000000000003e-001	3.740000e-001	1.200000e+000	0.000000e+000
3.750000000000003e-001	3.750000e-001	1.200000e+000	0.000000e+000
3.760000000000003e-001	3.760000e-001	1.200000e+000	0.000000e+000
3.770000000000003e-001	3.770000e-001	1.200000e+000	0.000000e+000
3.780000000000003e-001	3.780000e-001	1.200000e+000	0.000000e+000
3.790000000000003e-001	3.790000e-001	1.200000e+000	0.000000e+000
3.800000000000003e-001	3.800000e-001	1.200000e+000	0.000000e+000
3.810000000000003e-001	3.810000e-001	1.200000e+000	0.000000e+000
3.820000000000003e-001	3.820000e-001	1.200000e+000	0.000000e+000
3.830000000000003e-001	3.830000e-001	1.200000e+000	0.000000e+000
3.840000000000003e-001	3.840000e-001	1.200000e+000	0.000000e+000
3.850000000000003e-001	3.850000e-001	1.200000e+000	0.000000e+000
3.860000000000003e-001	3.860000e-001	1.200000e+000	0.000000e+000
3.870000000000003e-001	3.870000e-001	1.200000e+000	0.000000e+000
3.880000000000003e-001	3.880000e-001	1.200000e+000	0.000000e+000
3.890000000000003e-001	3.890000e-001	1.200000e+000	0.000000e+000
3.900000000000003e-001	3.900000e-001	1.200000e+000	0.000000e+000
3.910000000000003e-001	3.910000e-001	1.200000e+000	0.000000e+000
3.920000000000003e-001	3.920000e-001	1.200000e+000	0.000000e+000
3.930000000000003e-001	3.930000e-001	1.200000e+000	0.000000e+000
3.940000000000003e-001	3.940000e-001	1.200000e+000	0.000000e+000
3.950000000000003e-001	3.950000e-001	1.200000e+000	0.000000e+000
3.960000000000003e-001	3.960000e-001	1.200000e+000	0.000000e+000
3.970000000000003e-001	3.970000e-001	1.200000e+000	0.000000e+000
3.980000000000003e-001	3.980000e-001	1.200000e+000	0.000000e+000
3.990000000000003e-001	3.990000e-001	1.200000e+000	0.000000e+000
4.000000000000003e-001	4.000000e-001	1.200000e+000	-6.556511e-004
4.010000000000003e-001	4.010000e-001	1.199999e+000	-2.563000e-003
4.020000000000003e-001	4.020000e-001	1.199995e+000	-5.006790e-003
4.030000000000003e-001	4.030000e-001	1.199989e+000	-7.569790e-003
4.040000000000003e-001	4.040000e-001	1.199980e+000	-1.019239e-002
4.050000000000003e-001	4.050000e-001	1.199968e+000	-1.275539e-002
4.060000000000003e-001	4.060000e-001	1.199954e+000	-1.531839e-002
4.070000000000003e-001	4.070000e-001	1.199938e+000	-1.794100e-002
4.080000000000003e-001	4.080000e-001	1.199918e+000	-2.062321e-002
4.090000000000003e-001	4.090000e-001	1.199896e+000	-2.330542e-002
4.100000000000003e-001	4.100000e-001	1.199872e+000	-2.598763e-002
4.110000000000003e-001	4.110000e-001	1.199844e+000	-2.866983e-002
4.120000000000003e-001	4.120000e-001	1.199814e+000	-3.147125e-002
4.130000000000003e-001	4.130000e-001	1.199782e+000	-3.421307e-002
4.140000000000003e-001	4.140000e-001	1.199746e+000	-3.695488e-002
4.150000000000003e-001	4.150000e-001	1.199708e+000	-3.975630e-002
4.160000000000003e-001	4.160000e-001	1.199667e+000	-4.255772e-002
4.170000000000003e-001	4.170000e-001	1.199623e+000	-4.541874e-002
4.180000000000003e-001	4.180000e-001	1.199576e+000	-4.827976e-002
4.190000000000003e-001	4.190000e-001	1.199526e+000	-5.120039e-002
4.200000000000003e-001	4.200000e-001	1.199473e+000	-5.412102e-002
4.210000000000003e-001	4.210000e-001	1.199418e+000	-5.698204e-002
4.220000000000003e-001	4.220000e-001	1.199359e+000	-5.996227e-002
4.230000000000003e-001	4.230000e-001	1.199298e+000	-6.300211e-002
4.240000000000003e-001	4.240000e-001	1.199233e+000	-6.604195e-002
4.250000000000003e-001	4.250000e-001	1.199166e+000	-6.908178e-002
4.260000000000003e-001	4.260000e-001	1.199095e+000	-7.212162e-002
4.270000000000003e-001	4.270000e-001	1.199021e+000	-7.522106e-002
4.280000000000003e-001	4.280000e-001	1.198945e+000	-7.832050e-002
4.290000000000003e-001	4.290000e-001	1.198865e+000	-8.147955e-002
4.300000000000003e-001	4.300000e-001	1.198782e+000	-8.463860e-002
4.310000000000003e-001	4.310000e-001	1.198696e+000	-8.785725e-002
4.320000000000003e-001	4.320000e-001	1.198606e+000	-9.107590e-002
4.330000000000003e-001	4.330000e-001	1.198513e+000	-9.435415e-002
4.340000000000003e-001	4.340000e-001	1.198417e+000	-9.769201e-002
4.350000000000003e-001	4.350000e-001	1.198318e+000	-1.009703e-001
4.360000000000003e-001	4.360000e-001	1.198215e+000	-1.043081e-001
4.370000000000003e-001	4.370000e-001	1.198109e+000	-1.077056e-001
4.380000000000003e-001	4.380000e-001	1.198000e+000	-1.111031e-001
4.390000000000003e-001	4.390000e-001	1.197887e+000	-1.145601e-001
4.400000000000003e-001	4.400000e-001	1.197771e+000	-1.180172e-001
4.410000000000003e-001	4.410000e-001	1.197651e+000	-1.215339e-001
4.420000000000003e-001	4.420000e-001	1.197528e+000	-1.251101e-001
4.430000000000003e-001	4.430000e-001	1.197401e+000	-1.286864e-001
4.440000000000003e-001	4.440000e-001	1.197270e+000	-1.323223e-001
4.450000000000003e-001	4.450000e-001	1.197136e+000	-1.358986e-001
4.460000000000003e-001	4.460000e-001	1.196999e+000	-1.395941e-001
4.470000000000003e-001	4.470000e-001	1.196857e+000	-1.433492e-001
4.480000000000003e-001	4.480000e-001	1.196712e+000	-1.471043e-001
4.490000000000003e-001	4.490000e-001	1.196563e+000	-1.508594e-001
4.500000000000003e-001	4.500000e-001	1.196410e+000	-1.546741e-001
4.510000000000004e-001	4.510000e-001	1.196254e+000	-1.586080e-001
4.520000000000004e-001	4.520000e-001	1.196093e+000	-1.624823e-001
4.530000000000004e-001	4.530000e-001	1.195929e+000	-1.664162e-001
4.540000000000004e-001	4.540000e-001	1.195760e+000	-1.704097e-001
4.550000000000004e-001	4.550000e-001	1.195588e+000	-1.744628e-001
4.560000000000004e-001	4.560000e-001	1.195411e+000	-1.785159e-001
4.570000000000004e-001	4.570000e-001	1.195231e+000	-1.826286e-001
4.580000000000004e-001	4.580000e-001	1.195046e+000	-1.868010e-001
4.590000000000004e-001	4.590000e-001	1.194857e+000	-1.909733e-001
4.600000000000004e-001	4.600000e-001	1.194664e+000	-1.952648e-001
4.610000000000004e-001	4.610000e-001	1.194467e+000	-1.994967e-001
4.620000000000004e-001	4.620000e-001	1.194265e+000	-2.038479e-001
4.630000000000004e-001	4.630000e-001	1.194059e+000	-2.082586e-001
4.640000000000004e-001	4.640000e-001	1.193848e+000	-2.126694e-001
4.650000000000004e-001	4.650000e-001	1.193634e+000	-2.171993e-001
4.660000000000004e-001	4.660000e-001	1.193414e+000	-2.217293e-001
4.670000000000004e-001	4.670000e-001	1.193190e+000	-2.262592e-001
4.680000000000004e-001	4.680000e-001	1.192962e+000	-2.309084e-001
4.690000000000004e-001	4.690000e-001	1.192728e+000	-2.356172e-001
4.700000000000004e-001	4.700000e-001	1.192490e+000	-2.403855e-001
4.710000000000004e-001	4.710000e-001	1.192248e+000	-2.451539e-001
4.720000000000004e-001	4.720000e-001	1.192000e+000	-2.499819e-001
4.730000000000004e-001	4.730000e-001	1.191748e+000	-2.549291e-001
4.740000000000004e-001	4.740000e-001	1.191490e+000	-2.598763e-001
4.750000000000004e-001	4.750000e-001	1.191228e+000	-2.649426e-001
4.760000000000004e-001	4.760000e-001	1.190960e+000	-2.700090e-001
4.770000000000004e-001	4.770000e-001	1.190688e+000	-2.751350e-001
4.780000000000004e-001	4.780000e-001	1.190410e+000	-2.803802e-001
4.790000000000004e-001	4.790000e-001	1.190127e+000	-2.856851e-001
4.800000000000004e-001	4.800000e-001	1.189839e+000	-2.910495e-001
4.810000000000004e-001	4.810000e-001	1.189545e+000	-2.964139e-001
4.820000000000004e-001	4.820000e-001	1.189246e+000	-3.018975e-001
4.830000000000004e-001	4.830000e-001	1.188941e+000	-3.074408e-001
4.840000000000004e-001	4.840000e-001	1.188631e+000	-3.130436e-001
4.850000000000004e-001	4.850000e-001	1.188315e+000	-3.187656e-001
4.860000000000004e-001	4.860000e-001	1.187993e+000	-3.245473e-001
4.870000000000004e-001	4.870000e-001	1.187666e+000	-3.303885e-001
4.880000000000004e-001	4.880000e-001	1.187333e+000	-3.363490e-001
4.890000000000004e-001	4.890000e-001	1.186993e+000	-3.423691e-001
4.900000000000004e-001	4.900000e-001	1.186648e+000	-3.483891e-001
4.910000000000004e-001	4.910000e-001	1.186296e+000	-3.545880e-001
4.920000000000004e-001	4.920000e-001	1.185939e+000	-3.608465e-001
4.930000000000004e-001	4.930000e-001	1.185575e+000	-3.671646e-001
4.940000000000004e-001	4.940000e-001	1.185204e+000	-3.736019e-001
4.950000000000004e-001	4.950000e-001	1.184828e+000	-3.801584e-001
4.960000000000004e-001	4.960000e-001	1.184444e+000	-3.867745e-001
4.970000000000004e-001	4.970000e-001	1.184054e+000	-3.934503e-001
4.980000000000004e-001	4.980000e-001	1.183657e+000	-4.003048e-001
4.990000000000004e-001	4.990000e-001	1.183253e+000	-4.072189e-001
5.000000000000003e-001	5.000000e-001	1.182843e+000	-4.142523e-001
5.010000000000003e-001	5.010000e-001	1.182425e+000	-4.213452e-001
5.020000000000003e-001	5.020000e-001	1.182000e+000	-4.285574e-001
5.030000000000003e-001	5.030000e-001	1.181568e+000	-4.359484e-001
5.040000000000003e-001	5.040000e-001	1.181128e+000	-4.433990e-001
5.050000000000003e-001	5.050000e-001	1.180681e+000	-4.509687e-001
5.060000000000003e-001	5.060000e-001	1.180226e+000	-4.586577e-001
5.070000000000003e-001	5.070000e-001	1.179764e+000	-4.665256e-001
5.080000000000003e-001	5.080000e-001	1.179293e+000	-4.744530e-001
5.090000000000003e-001	5.090000e-001	1.178815e+000	-4.824996e-001
5.100000000000003e-001	5.100000e-001	1.178328e+000	-4.907250e-001
5.110000000000003e-001	5.110000e-001	1.177833e+000	-4.990697e-001
5.120000000000003e-001	5.120000e-001	1.177330e+000	-5.075932e-001
5.130000000000003e-001	5.130000e-001	1.176818e+000	-5.162358e-001
5.140000000000004e-001	5.140000e-001	1.176298e+000	-5.249977e-001
5.150000000000004e-001	5.150000e-001	1.175768e+000	-5.339384e-001
5.160000000000004e-001	5.160000e-001	1.175230e+000	-5.430579e-001
5.170000000000004e-001	5.170000e-001	1.174682e+000	-5.523562e-001
5.180000000000004e-001	5.180000e-001	1.174125e+000	-5.617738e-001
5.190000000000004e-001	5.190000e-001	1.173558e+000	-5.713701e-001
5.200000000000004e-001	5.200000e-001	1.172982e+000	-5.812049e-001
5.210000000000004e-001	5.210000e-001	1.172396e+000	-5.911589e-001
5.220000000000004e-001	5.220000e-001	1.171800e+000	-6.012917e-001
5.230000000000004e-001	5.230000e-001	1.171193e+000	-6.116629e-001
5.240000000000004e-001	5.240000e-001	1.170577e+000	-6.222725e-001
5.250000000000004e-001	5.250000e-001	1.169949e+000	-6.330609e-001
5.260000000000004e-001	5.260000e-001	1.169310e+000	-6.440282e-001
5.270000000000004e-001	5.270000e-001	1.168661e+000	-6.552339e-001
5.280000000000004e-001	5.280000e-001	1.168000e+000	-6.666780e-001
5.290000000000004e-001	5.290000e-001	1.167328e+000	-6.784201e-001
5.300000000000004e-001	5.300000e-001	1.166643e+000	-6.903410e-001
5.310000000000004e-001	5.310000e-001	1.165947e+000	-7.025599e-001
5.320000000000004e-001	5.320000e-001	1.165238e+000	-7.150769e-001
5.330000000000004e-001	5.330000e-001	1.164517e+000	-7.277727e-001
5.340000000000004e-001	5.340000e-001	1.163782e+000	-7.408261e-001
5.350000000000004e-001	5.350000e-001	1.163035e+000	-7.541776e-001
5.360000000000004e-001	5.360000e-001	1.162274e+000	-7.677674e-001
5.370000000000004e-001	5.370000e-001	1.161500e+000	-7.817745e-001
5.380000000000004e-001	5.380000e-001	1.160711e+000	-7.961392e-001
5.390000000000004e-001	5.390000e-001	1.159907e+000	-8.108020e-001
5.400000000000004e-001	5.400000e-001	1.159089e+000	-8.258224e-001
5.410000000000004e-001	5.410000e-001	1.158256e+000	-8.412004e-001
5.420000000000004e-001	5.420000e-001	1.157407e+000	-8.569956e-001
5.430000000000004e-001	5.430000e-001	1.156542e+000	-8.732080e-001
5.440000000000004e-001	5.440000e-001	1.155660e+000	-8.898973e-001
5.450000000000004e-001	5.450000e-001	1.154762e+000	-9.070039e-001
5.460000000000004e-001	5.460000e-001	1.153846e+000	-9.245872e-001
5.470000000000004e-001	5.470000e-001	1.152913e+000	-9.427071e-001
5.480000000000004e-001	5.480000e-001	1.151961e+000	-9.612441e-001
5.490000000000004e-001	5.490000e-001	1.150990e+000	-9.803772e-001
5.500000000000004e-001	5.500000e-001	1.150000e+000	-1.000106e+000
5.510000000000004e-001	5.510000e-001	1.148990e+000	-1.020372e+000
5.520000000000004e-001	5.520000e-001	1.147959e+000	-1.041353e+000
5.530000000000004e-001	5.530000e-001	1.146907e+000	-1.062989e+000
5.540000000000004e-001	5.540000e-001	1.145833e+000	-1.085281e+000
5.550000000000004e-001	5.550000e-001	1.144737e+000	-1.108289e+000
5.560000000000004e-001	5.560000e-001	1.143617e+000	-1.132131e+000
5.570000000000004e-001	5.570000e-001	1.142472e+000	-1.156807e+000
5.580000000000004e-001	5.580000e-001	1.141303e+000	-1.182318e+000
5.590000000000004e-001	5.590000e-001	1.140108e+000	-1.208782e+000
5.600000000000004e-001	5.600000e-001	1.138885e+000	-1.236260e+000
5.610000000000004e-001	5.610000e-001	1.137635e+000	-1.264751e+000
5.620000000000004e-001	5.620000e-001	1.136356e+000	-1.294374e+000
5.630000000000004e-001	5.630000e-001	1.135046e+000	-1.325190e+000
5.640000000000004e-001	5.640000e-001	1.133706e+000	-1.357257e+000
5.650000000000004e-001	5.650000e-001	1.132332e+000	-1.390696e+000
5.660000000000004e-001	5.660000e-001	1.130924e+000	-1.425624e+000
5.670000000000004e-001	5.670000e-001	1.129481e+000	-1.462102e+000
5.680000000000004e-001	5.680000e-001	1.128000e+000	-1.500309e+000
5.690000000000004e-001	5.690000e-001	1.126480e+000	-1.540363e+000
5.700000000000004e-001	5.700000e-001	1.124919e+000	-1.582325e+000
5.710000000000004e-001	5.710000e-001	1.123315e+000	-1.626492e+000
5.720000000000004e-001	5.720000e-001	1.121666e+000	-1.673043e+000
5.730000000000004e-001	5.730000e-001	1.119969e+000	-1.722097e+000
5.740000000000004e-001	5.740000e-001	1.118222e+000	-1.774013e+000
5.750000000000004e-001	5.750000e-001	1.116421e+000	-1.829028e+000
5.760000000000004e-001	5.760000e-001	1.114564e+000	-1.887381e+000
5.770000000000004e-001	5.770000e-001	1.112647e+000	-1.949549e+000
5.780000000000004e-001	5.780000e-001	1.110665e+000	-2.015889e+000
5.790000000000004e-001	5.790000e-001	1.108615e+000	-2.086937e+000
5.800000000000004e-001	5.800000e-001	1.106491e+000	-2.163231e+000
5.810000000000004e-001	5.810000e-001	1.104288e+000	-2.245545e+000
5.820000000000004e-001	5.820000e-001	1.102000e+000	-2.334654e+000
5.830000000000004e-001	5.830000e-001	1.099619e+000	-2.431452e+000
5.840000000000004e-001	5.840000e-001	1.097137e+000	-2.537251e+000
5.850000000000004e-001	5.850000e-001	1.094545e+000	-2.653480e+000
5.860000000000004e-001	5.860000e-001	1.091830e+000	-2.782047e+000
5.870000000000004e-001	5.870000e-001	1.088980e+000	-2.925217e+000
5.880000000000004e-001	5.880000e-001	1.085980e+000	-3.085971e+000
5.890000000000004e-001	5.890000e-001	1.082808e+000	-3.268361e+000
5.900000000000004e-001	5.900000e-001	1.079443e+000	-3.477693e+000
5.910000000000004e-001	5.910000e-001	1.075853e+000	-3.721297e+000
5.920000000000004e-001	5.920000e-001	1.072000e+000	-4.009664e+000
5.930000000000004e-001	5.930000e-001	1.067834e+000	-4.358649e+000
5.940000000000004e-001	5.940000e-001	1.063283e+000	-4.793167e+000
5.950000000000004e-001	5.950000e-001	1.058247e+000	-5.355477e+000
5.960000000000004e-001	5.960000e-001	1.052572e+000	-6.124735e+000
5.970000000000004e-001	5.970000e-001	1.045998e+000	-7.273853e+000
5.980000000000004e-001	5.980000e-001	1.038024e+000	-9.295225e+000
5.990000000000004e-001	5.990000e-001	1.027408e+000	-1.848757e+001
6.000000000000004e-001	6.000000e-001	1.001049e+000	-4.273549e+002
6.010000000000004e-001	6.010000e-001	1.726977e-001	-4.195346e+002
6.020000000000004e-001	6.020000e-001	1.619800e-001	-9.380229e+000
6.030000000000004e-001	6.030000e-001	1.539372e-001	-7.284433e+000
6.040000000000004e-001	6.040000e-001	1.474111e-001	-6.094337e+000
6.050000000000004e-001	6.050000e-001	1.417486e-001	-5.348012e+000
6.060000000000004e-001	6.060000e-001	1.367151e-001	-4.791632e+000
6.070000000000004e-001	6.070000e-001	1.321653e-001	-4.358016e+000
6.080000000000004e-001	6.080000e-001	1.279991e-001	-4.009344e+000
6.090000000000004e-001	6.090000e-001	1.241466e-001	-3.721092e+000
6.100000000000004e-001	6.100000e-001	1.205569e-001	-3.477596e+000
6.110000000000004e-001	6.110000e-001	1.171914e-001	-3.268339e+000
6.120000000000004e-001	6.120000e-001	1.140202e-001	-3.085975e+000
6.130000000000004e-001	6.130000e-001	1.110195e-001	-2.925191e+000
6.140000000000004e-001	6.140000e-001	1.081698e-001	-2.782032e+000
6.150000000000004e-001	6.150000e-001	1.054554e-001	-2.653494e+000
6.160000000000004e-001	6.160000e-001	1.028628e-001	-2.537247e+000
6.170000000000004e-001	6.170000e-001	1.003809e-001	-2.431445e+000
6.180000000000004e-001	6.180000e-001	9.799996e-002	-2.334613e+000
6.190000000000004e-001	6.190000e-001	9.571169e-002	-2.245545e+000
6.200000000000004e-001	6.200000e-001	9.350887e-002	-2.163261e+000
6.210000000000004e-001	6.210000e-001	9.138516e-002	-2.086941e+000
6.220000000000004e-001	6.220000e-001	8.933499e-002	-2.015889e+000
6.230000000000004e-001	6.230000e-001	8.735339e-002	-1.949534e+000
6.240000000000004e-001	6.240000e-001	8.543592e-002	-1.887377e+000
6.250000000000004e-001	6.250000e-001	8.357863e-002	-1.828991e+000
6.260000000000004e-001	6.260000e-001	8.177794e-002	-1.774013e+000
6.270000000000005e-001	6.270000e-001	8.003061e-002	-1.722120e+000
6.280000000000005e-001	6.280000e-001	7.833370e-002	-1.673035e+000
6.290000000000005e-001	6.290000e-001	7.668453e-002	-1.626518e+000
6.300000000000005e-001	6.300000e-001	7.508066e-002	-1.582347e+000
6.310000000000005e-001	6.310000e-001	7.351984e-002	-1.540333e+000
6.320000000000005e-001	6.320000e-001	7.200000e-002	-1.500305e+000
6.330000000000005e-001	6.330000e-001	7.051923e-002	-1.462113e+000
6.340000000000005e-001	6.340000e-001	6.907577e-002	-1.425620e+000
6.350000000000005e-001	6.350000e-001	6.766799e-002	-1.390699e+000
6.360000000000005e-001	6.360000e-001	6.629437e-002	-1.357250e+000
6.370000000000005e-001	6.370000e-001	6.495349e-002	-1.325164e+000
6.380000000000005e-001	6.380000e-001	6.364404e-002	-1.294354e+000
6.390000000000005e-001	6.390000e-001	6.236478e-002	-1.264742e+000
6.400000000000005e-001	6.400000e-001	6.111456e-002	-1.236243e+000
6.410000000000005e-001	6.410000e-001	5.989230e-002	-1.208795e+000
6.420000000000005e-001	6.420000e-001	5.869697e-002	-1.182334e+000
6.430000000000005e-001	6.430000e-001	5.752763e-002	-1.156801e+000
6.440000000000005e-001	6.440000e-001	5.638337e-002	-1.132144e+000
6.450000000000005e-001	6.450000e-001	5.526334e-002	-1.108315e+000
6.460000000000005e-001	6.460000e-001	5.416674e-002	-1.085266e+000
6.470000000000005e-001	6.470000e-001	5.309281e-002	-1.062959e+000
6.480000000000005e-001	6.480000e-001	5.204082e-002	-1.041353e+000
6.490000000000005e-001	6.490000e-001	5.101010e-002	-1.020409e+000
6.500000000000005e-001	6.500000e-001	5.000000e-002	-1.000101e+000
6.510000000000005e-001	6.510000e-001	4.900990e-002	-9.803902e-001
6.520000000000005e-001	6.520000e-001	4.803922e-002	-9.612516e-001
6.530000000000005e-001	6.530000e-001	4.708740e-002	-9.426586e-001
6.540000000000005e-001	6.540000e-001	4.615390e-002	-9.245835e-001
6.550000000000005e-001	6.550000e-001	4.523823e-002	-9.070039e-001
6.560000000000005e-001	6.560000e-001	4.433990e-002	-8.898973e-001
6.570000000000005e-001	6.570000e-001	4.345844e-002	-8.732434e-001
6.580000000000005e-001	6.580000e-001	4.259341e-002	-8.570217e-001
6.590000000000005e-001	6.590000e-001	4.174439e-002	-8.412153e-001
6.600000000000005e-001	6.600000e-001	4.091098e-002	-8.258056e-001
6.610000000000005e-001	6.610000e-001	4.009278e-002	-8.107759e-001
6.620000000000005e-001	6.620000e-001	3.928943e-002	-7.961113e-001
6.630000000000005e-001	6.630000e-001	3.850056e-002	-7.817969e-001
6.640000000000005e-001	6.640000e-001	3.772583e-002	-7.678214e-001
6.650000000000005e-001	6.650000e-001	3.696492e-002	-7.541683e-001
6.660000000000005e-001	6.660000e-001	3.621750e-002	-7.408261e-001
6.670000000000005e-001	6.670000e-001	3.548326e-002	-7.277858e-001
6.680000000000005e-001	6.680000e-001	3.476192e-002	-7.150322e-001
6.690000000000005e-001	6.690000e-001	3.405320e-002	-7.025581e-001
6.700000000000005e-001	6.700000e-001	3.335681e-002	-6.903522e-001
6.710000000000005e-001	6.710000e-001	3.267249e-002	-6.784033e-001
6.720000000000005e-001	6.720000e-001	3.200000e-002	-6.667059e-001
6.730000000000005e-001	6.730000e-001	3.133908e-002	-6.552506e-001
6.740000000000005e-001	6.740000e-001	3.068950e-002	-6.440282e-001
6.750000000000005e-001	6.750000e-001	3.005103e-002	-6.330302e-001
6.760000000000005e-001	6.760000e-001	2.942344e-002	-6.222492e-001
6.770000000000005e-001	6.770000e-001	2.880653e-002	-6.116796e-001
6.780000000000005e-001	6.780000e-001	2.820008e-002	-6.013149e-001
6.790000000000005e-001	6.790000e-001	2.760390e-002	-5.911458e-001
6.800000000000005e-001	6.800000e-001	2.701779e-002	-5.811695e-001
6.810000000000005e-001	6.810000e-001	2.644156e-002	-5.713785e-001
6.820000000000005e-001	6.820000e-001	2.587503e-002	-5.617663e-001
6.830000000000005e-001	6.830000e-001	2.531803e-002	-5.523292e-001
6.840000000000005e-001	6.840000e-001	2.477037e-002	-5.430607e-001
6.850000000000005e-001	6.850000e-001	2.423191e-002	-5.339570e-001
6.860000000000005e-001	6.860000e-001	2.370246e-002	-5.250117e-001
6.870000000000005e-001	6.870000e-001	2.318188e-002	-5.162209e-001
6.880000000000005e-001	6.880000e-001	2.267002e-002	-5.075810e-001
6.890000000000005e-001	6.890000e-001	2.216672e-002	-4.990874e-001
6.900000000000005e-001	6.900000e-001	2.167184e-002	-4.907353e-001
6.910000000000005e-001	6.910000e-001	2.118525e-002	-4.825210e-001
6.920000000000005e-001	6.920000e-001	2.070680e-002	-4.744409e-001
6.930000000000005e-001	6.930000e-001	2.023637e-002	-4.664920e-001
6.940000000000005e-001	6.940000e-001	1.977382e-002	-4.586708e-001
6.950000000000005e-001	6.950000e-001	1.931903e-002	-4.509725e-001
6.960000000000005e-001	6.960000e-001	1.887187e-002	-4.433952e-001
6.970000000000005e-001	6.970000e-001	1.843224e-002	-4.359353e-001
6.980000000000005e-001	6.980000e-001	1.800000e-002	-4.285900e-001
6.990000000000005e-001	6.990000e-001	1.757506e-002	-4.213564e-001
7.000000000000005e-001	7.000000e-001	1.715729e-002	-4.142309e-001
7.010000000000005e-001	7.010000e-001	1.674659e-002	-4.072124e-001
7.020000000000005e-001	7.020000e-001	1.634286e-002	-4.002973e-001
7.030000000000005e-001	7.030000e-001	1.594600e-002	-3.934824e-001
7.040000000000005e-001	7.040000e-001	1.555590e-002	-3.867666e-001
7.050000000000005e-001	7.050000e-001	1.517247e-002	-3.801468e-001
7.060000000000005e-001	7.060000e-001	1.479561e-002	-3.736210e-001
7.070000000000005e-001	7.070000e-001	1.442522e-002	-3.671865e-001
7.080000000000005e-001	7.080000e-001	1.406123e-002	-3.608419e-001
7.090000000000005e-001	7.090000e-001	1.370354e-002	-3.545852e-001
7.100000000000005e-001	7.100000e-001	1.335206e-002	-3.484138e-001
7.110000000000005e-001	7.110000e-001	1.300671e-002	-3.423258e-001
7.120000000000005e-001	7.120000e-001	1.266741e-002	-3.363197e-001
7.130000000000005e-001	7.130000e-001	1.233407e-002	-3.303932e-001
7.140000000000005e-001	7.140000e-001	1.200662e-002	-3.245450e-001
7.150000000000005e-001	7.150000e-001	1.168498e-002	-3.187736e-001
7.160000000000005e-001	7.160000e-001	1.136908e-002	-3.130767e-001
7.170000000000005e-001	7.170000e-001	1.105883e-002	-3.074529e-001
7.180000000000005e-001	7.180000e-001	1.075417e-002	-3.019008e-001
7.190000000000005e-001	7.190000e-001	1.045503e-002	-2.964190e-001
7.200000000000005e-001	7.200000e-001	1.016133e-002	-2.910057e-001
7.210000000000005e-001	7.210000e-001	9.873017e-003	-2.856595e-001
7.220000000000005e-001	7.220000e-001	9.590014e-003	-2.803793e-001
7.230000000000005e-001	7.230000e-001	9.312258e-003	-2.751639e-001
7.240000000000005e-001	7.240000e-001	9.039686e-003	-2.700118e-001
7.250000000000005e-001	7.250000e-001	8.772234e-003	-2.649212e-001
7.260000000000005e-001	7.260000e-001	8.509844e-003	-2.598912e-001
7.270000000000005e-001	7.270000e-001	8.252452e-003	-2.549216e-001
7.280000000000005e-001	7.280000e-001	8.000000e-003	-2.500096e-001
7.290000000000005e-001	7.290000e-001	7.752433e-003	-2.451548e-001
7.300000000000005e-001	7.300000e-001	7.509691e-003	-2.403567e-001
7.310000000000005e-001	7.310000e-001	7.271720e-003	-2.356130e-001
7.320000000000005e-001	7.320000e-001	7.038465e-003	-2.309238e-001
7.330000000000005e-001	7.330000e-001	6.809872e-003	-2.262874e-001
7.340000000000005e-001	7.340000e-001	6.585890e-003	-2.217030e-001
7.350000000000005e-001	7.350000e-001	6.366466e-003	-2.171695e-001
7.360000000000005e-001	7.360000e-001	6.151551e-003	-2.126864e-001
7.370000000000005e-001	7.370000e-001	5.941093e-003	-2.082523e-001
7.380000000000005e-001	7.380000e-001	5.735046e-003	-2.038663e-001
7.390000000000006e-001	7.390000e-001	5.533361e-003	-1.995279e-001
7.400000000000006e-001	7.400000e-001	5.335990e-003	-1.952362e-001
7.410000000000006e-001	7.410000e-001	5.142889e-003	-1.909903e-001
7.420000000000006e-001	7.420000e-001	4.954010e-003	-1.867891e-001
7.430000000000006e-001	7.430000e-001	4.769310e-003	-1.826319e-001
7.440000000000006e-001	7.440000e-001	4.588746e-003	-1.785185e-001
7.450000000000006e-001	7.450000e-001	4.412273e-003	-1.744474e-001
7.460000000000006e-001	7.460000e-001	4.239851e-003	-1.704183e-001
7.470000000000006e-001	7.470000e-001	4.071437e-003	-1.664306e-001
7.480000000000006e-001	7.480000e-001	3.906990e-003	-1.624831e-001
7.490000000000006e-001	7.490000e-001	3.746471e-003	-1.585754e-001
7.500000000000006e-001	7.500000e-001	3.589839e-003	-1.547069e-001
7.510000000000006e-001	7.510000e-001	3.437057e-003	-1.508769e-001
7.520000000000006e-001	7.520000e-001	3.288085e-003	-1.470849e-001
7.530000000000006e-001	7.530000e-001	3.142887e-003	-1.433301e-001
7.540000000000006e-001	7.540000e-001	3.001425e-003	-1.396118e-001
7.550000000000006e-001	7.550000e-001	2.863663e-003	-1.359296e-001
7.560000000000006e-001	7.560000e-001	2.729566e-003	-1.322828e-001
7.570000000000006e-001	7.570000e-001	2.599098e-003	-1.286709e-001
7.580000000000006e-001	7.580000e-001	2.472224e-003	-1.250935e-001
7.590000000000006e-001	7.590000e-001	2.348911e-003	-1.215499e-001
7.600000000000006e-001	7.600000e-001	2.229124e-003	-1.180394e-001
7.610000000000006e-001	7.610000e-001	2.112832e-003	-1.145618e-001
7.620000000000006e-001	7.620000e-001	2.000001e-003	-1.111164e-001
7.630000000000006e-001	7.630000e-001	1.890599e-003	-1.077028e-001
7.640000000000006e-001	7.640000e-001	1.784595e-003	-1.043204e-001
7.650000000000006e-001	7.650000e-001	1.681958e-003	-1.009688e-001
7.660000000000006e-001	7.660000e-001	1.582658e-003	-9.764754e-002
7.670000000000006e-001	7.670000e-001	1.486663e-003	-9.435619e-002
7.680000000000006e-001	7.680000e-001	1.393945e-003	-9.109429e-002
7.690000000000006e-001	7.690000e-001	1.304475e-003	-8.786138e-002
7.700000000000006e-001	7.700000e-001	1.218222e-003	-8.465699e-002
7.710000000000006e-001	7.710000e-001	1.135161e-003	-8.148077e-002
7.720000000000006e-001	7.720000e-001	1.055261e-003	-7.833232e-002
7.730000000000006e-001	7.730000e-001	9.784959e-004	-7.521114e-002
7.740000000000006e-001	7.740000e-001	9.048386e-004	-7.211693e-002
7.750000000000006e-001	7.750000e-001	8.342621e-004	-6.904933e-002
7.760000000000006e-001	7.760000e-001	7.667399e-004	-6.600789e-002
7.770000000000006e-001	7.770000e-001	7.022463e-004	-6.299224e-002
7.780000000000006e-001	7.780000e-001	6.407555e-004	-6.000206e-002
7.790000000000006e-001	7.790000e-001	5.822422e-004	-5.703699e-002
7.800000000000006e-001	7.800000e-001	5.266815e-004	-5.409661e-002
7.810000000000006e-001	7.810000e-001	4.740489e-004	-5.118067e-002
7.820000000000006e-001	7.820000e-001	4.243201e-004	-4.828880e-002
7.830000000000006e-001	7.830000e-001	3.774713e-004	-4.542065e-002
7.840000000000006e-001	7.840000e-001	3.334788e-004	-4.257592e-002
7.850000000000006e-001	7.850000e-001	2.923195e-004	-3.975429e-002
7.860000000000006e-001	7.860000e-001	2.539703e-004	-3.695545e-002
7.870000000000006e-001	7.870000e-001	2.184086e-004	-3.417908e-002
7.880000000000006e-001	7.880000e-001	1.856121e-004	-3.142489e-002
7.890000000000006e-001	7.890000e-001	1.555588e-004	-2.869260e-002
7.900000000000006e-001	7.900000e-001	1.282269e-004	-2.598191e-002
7.910000000000006e-001	7.910000e-001	1.035950e-004	-2.329253e-002
7.920000000000006e-001	7.920000e-001	8.164185e-005	-2.062419e-002
7.930000000000006e-001	7.930000e-001	6.234661e-005	-1.797661e-002
7.940000000000006e-001	7.940000e-001	4.568863e-005	-1.534954e-002
7.950000000000006e-001	7.950000e-001	3.164753e-005	-1.274270e-002
7.960000000000006e-001	7.960000e-001	2.020323e-005	-1.015583e-002
7.970000000000006e-001	7.970000e-001	1.133587e-005	-7.588691e-003
7.980000000000006e-001	7.980000e-001	5.025850e-006	-5.041022e-003
7.990000000000006e-001	7.990000e-001	1.253825e-006	-2.512581e-003
8.000000000000006e-001	8.000000e-001	6.877161e-010	-6.265656e-004
8.010000000000006e-001	8.010000e-001	6.932234e-010	3.076289e-009
8.020000000000006e-001	8.020000e-001	6.938686e-010	-5.382916e-010
8.030000000000006e-001	8.030000e-001	6.921468e-010	-1.717515e-009
8.040000000000006e-001	8.040000e-001	6.904336e-010	-1.708994e-009
8.050000000000006e-001	8.050000e-001	6.887289e-010	-1.700556e-009
8.060000000000006e-001	8.060000e-001	6.870325e-010	-1.692202e-009
8.070000000000006e-001	8.070000e-001	6.853444e-010	-1.683903e-009
8.080000000000006e-001	8.080000e-001	6.836647e-010	-1.675660e-009
8.090000000000006e-001	8.090000e-001	6.819931e-010	-1.667472e-009
8.100000000000006e-001	8.100000e-001	6.803297e-010	-1.659367e-009
8.110000000000006e-001	8.110000e-001	6.786744e-010	-1.651290e-009
8.120000000000006e-001	8.120000e-001	6.770272e-010	-1.643269e-009
8.130000000000006e-001	8.130000e-001	6.753879e-010	-1.635331e-009
8.140000000000006e-001	8.140000e-001	6.737565e-010	-1.627448e-009
8.150000000000006e-001	8.150000e-001	6.721330e-010	-1.619621e-009
8.160000000000006e-001	8.160000e-001	6.705173e-010	-1.611822e-009
8.170000000000006e-001	8.170000e-001	6.689093e-010	-1.604106e-009
8.180000000000006e-001	8.180000e-001	6.673090e-010	-1.596445e-009
8.190000000000006e-001	8.190000e-001	6.657164e-010	-1.588812e-009
8.200000000000006e-001	8.200000e-001	6.641314e-010	-1.581263e-009
8.210000000000006e-001	8.210000e-001	6.625539e-010	-1.573797e-009
8.220000000000006e-001	8.220000e-001	6.609838e-010	-1.566330e-009
8.230000000000006e-001	8.230000e-001	6.594212e-010	-1.558920e-009
8.240000000000006e-001	8.240000e-001	6.578660e-010	-1.551592e-009
8.250000000000006e-001	8.250000e-001	6.563181e-010	-1.544265e-009
8.260000000000006e-001	8.260000e-001	6.547775e-010	-1.537021e-009
8.270000000000006e-001	8.270000e-001	6.532440e-010	-1.529860e-009
8.280000000000006e-001	8.280000e-001	6.517177e-010	-1.522726e-009
8.290000000000006e-001	8.290000e-001	6.501986e-010	-1.515621e-009
8.300000000000006e-001	8.300000e-001	6.486865e-010	-1.508571e-009
8.310000000000006e-001	8.310000e-001	6.471814e-010	-1.501604e-009
8.320000000000006e-001	8.320000e-001	6.456833e-010	-1.494666e-009
8.330000000000006e-001	8.330000e-001	6.441921e-010	-1.487754e-009
8.340000000000006e-001	8.340000e-001	6.427078e-010	-1.480899e-009
8.350000000000006e-001	8.350000e-001	6.412303e-010	-1.474099e-009
8.360000000000006e-001	8.360000e-001	6.397596e-010	-1.467326e-009
8.370000000000006e-001	8.370000e-001	6.382956e-010	-1.460637e-009
8.380000000000006e-001	8.380000e-001	6.368383e-010	-1.453976e-009
8.390000000000006e-001	8.390000e-001	6.353877e-010	-1.447342e-009
8.400000000000006e-001	8.400000e-001	6.339436e-010	-1.440792e-009
8.410000000000006e-001	8.410000e-001	6.325061e-010	-1.434269e-009
8.420000000000006e-001	8.420000e-001	6.310751e-010	-1.427775e-009
8.430000000000006e-001	8.430000e-001	6.296506e-010	-1.421335e-009
8.440000000000006e-001	8.440000e-001	6.282324e-010	-1.414951e-009
8.450000000000006e-001	8.450000e-001	6.268207e-010	-1.408595e-009
8.460000000000006e-001	8.460000e-001	6.254152e-010	-1.402295e-009
8.470000000000006e-001	8.470000e-001	6.240161e-010	-1.396022e-009
8.480000000000006e-001	8.480000e-001	6.226232e-010	-1.389777e-009
8.490000000000006e-001	8.490000e-001	6.212365e-010	-1.383615e-009
8.500000000000006e-001	8.500000e-001	6.198559e-010	-1.377481e-009
8.510000000000006e-001	8.510000e-001	6.184815e-010	-1.371347e-009
8.520000000000007e-001	8.520000e-001	6.171132e-010	-1.365297e-009
8.530000000000007e-001	8.530000e-001	6.157510e-010	-1.359274e-009
8.540000000000007e-001	8.540000e-001	6.143947e-010	-1.353306e-009
8.550000000000007e-001	8.550000e-001	6.130443e-010	-1.347367e-009
8.560000000000007e-001	8.560000e-001	6.117000e-010	-1.341455e-009
8.570000000000007e-001	8.570000e-001	6.103614e-010	-1.335598e-009
8.580000000000007e-001	8.580000e-001	6.090288e-010	-1.329742e-009
8.590000000000007e-001	8.590000e-001	6.077019e-010	-1.323969e-009
8.600000000000007e-001	8.600000e-001	6.063808e-010	-1.318223e-009
8.610000000000007e-001	8.610000e-001	6.050655e-010	-1.312506e-009
8.620000000000007e-001	8.620000e-001	6.037558e-010	-1.306844e-009
8.630000000000007e-001	8.630000e-001	6.024518e-010	-1.301209e-009
8.640000000000007e-001	8.640000e-001	6.011534e-010	-1.295603e-009
8.650000000000007e-001	8.650000e-001	5.998606e-010	-1.290024e-009
8.660000000000007e-001	8.660000e-001	5.985734e-010	-1.284500e-009
8.670000000000007e-001	8.670000e-001	5.972916e-010	-1.279005e-009
8.680000000000007e-001	8.680000e-001	5.960153e-010	-1.273537e-009
8.690000000000007e-001	8.690000e-001	5.947445e-010	-1.268124e-009
8.700000000000007e-001	8.700000e-001	5.934791e-010	-1.262740e-009
8.710000000000007e-001	8.710000e-001	5.922191e-010	-1.257355e-009
8.720000000000007e-001	8.720000e-001	5.909644e-010	-1.252026e-009
8.730000000000007e-001	8.730000e-001	5.897150e-010	-1.246780e-009
8.740000000000007e-001	8.740000e-001	5.884708e-010	-1.241507e-009
8.750000000000007e-001	8.750000e-001	5.872320e-010	-1.236261e-009
8.760000000000007e-001	8.760000e-001	5.859983e-010	-1.231099e-009
8.770000000000007e-001	8.770000e-001	5.847698e-010	-1.225936e-009
8.780000000000007e-001	8.780000e-001	5.835464e-010	-1.220829e-009
8.790000000000007e-001	8.790000e-001	5.823281e-010	-1.215722e-009
8.800000000000007e-001	8.800000e-001	5.811150e-010	-1.210643e-009
8.810000000000007e-001	8.810000e-001	5.799068e-010	-1.205647e-009
8.820000000000007e-001	8.820000e-001	5.787037e-010	-1.200651e-009
8.830000000000007e-001	8.830000e-001	5.775055e-010	-1.195655e-009
8.840000000000007e-001	8.840000e-001	5.763124e-010	-1.190714e-009
8.850000000000007e-001	8.850000e-001	5.751241e-010	-1.185829e-009
8.860000000000007e-001	8.860000e-001	5.739407e-010	-1.180972e-009
8.870000000000007e-001	8.870000e-001	5.727622e-010	-1.176115e-009
8.880000000000007e-001	8.880000e-001	5.715885e-010	-1.171285e-009
8.890000000000007e-001	8.890000e-001	5.704196e-010	-1.166511e-009
8.900000000000007e-001	8.900000e-001	5.692555e-010	-1.161737e-009
8.910000000000007e-001	8.910000e-001	5.680961e-010	-1.157019e-009
8.920000000000007e-001	8.920000e-001	5.669414e-010	-1.152328e-009
8.930000000000007e-001	8.930000e-001	5.657915e-010	-1.147665e-009
8.940000000000007e-001	8.940000e-001	5.646461e-010	-1.143030e-009
8.950000000000007e-001	8.950000e-001	5.635054e-010	-1.138395e-009
8.960000000000007e-001	8.960000e-001	5.623693e-010	-1.133815e-009
8.970000000000007e-001	8.970000e-001	5.612378e-010	-1.129263e-009
8.980000000000007e-001	8.980000e-001	5.601108e-010	-1.124711e-009
8.990000000000007e-001	8.990000e-001	5.589884e-010	-1.120215e-009
9.000000000000007e-001	9.000000e-001	5.578704e-010	-1.115746e-009
9.010000000000007e-001	9.010000e-001	5.567569e-010	-1.111278e-009
9.020000000000007e-001	9.020000e-001	5.556478e-010	-1.106865e-009
9.030000000000007e-001	9.030000e-001	5.545431e-010	-1.102479e-009
9.040000000000007e-001	9.040000e-001	5.534428e-010	-1.098122e-009
9.050000000000007e-001	9.050000e-001	5.523469e-010	-1.093764e-009
9.060000000000007e-001	9.060000e-001	5.512553e-010	-1.089434e-009
9.070000000000007e-001	9.070000e-001	5.501680e-010	-1.085160e-009
9.080000000000007e-001	9.080000e-001	5.490850e-010	-1.080885e-009
9.090000000000007e-001	9.090000e-001	5.480063e-010	-1.076639e-009
9.100000000000007e-001	9.100000e-001	5.469317e-010	-1.072420e-009
9.110000000000007e-001	9.110000e-001	5.458614e-010	-1.068229e-009
9.120000000000007e-001	9.120000e-001	5.447953e-010	-1.064066e-009
9.130000000000007e-001	9.130000e-001	5.437333e-010	-1.059902e-009
9.140000000000007e-001	9.140000e-001	5.426755e-010	-1.055794e-009
9.150000000000007e-001	9.150000e-001	5.416217e-010	-1.051687e-009
9.160000000000007e-001	9.160000e-001	5.405721e-010	-1.047606e-009
9.170000000000007e-001	9.170000e-001	5.395265e-010	-1.043582e-009
9.180000000000007e-001	9.180000e-001	5.384849e-010	-1.039557e-009
9.190000000000007e-001	9.190000e-001	5.374474e-010	-1.035561e-009
9.200000000000007e-001	9.200000e-001	5.364138e-010	-1.031564e-009
9.210000000000007e-001	9.210000e-001	5.353842e-010	-1.027595e-009
9.220000000000007e-001	9.220000e-001	5.343586e-010	-1.023681e-009
9.230000000000007e-001	9.230000e-001	5.333369e-010	-1.019768e-009
9.240000000000007e-001	9.240000e-001	5.323191e-010	-1.015882e-009
9.250000000000007e-001	9.250000e-001	5.313051e-010	-1.012024e-009
9.260000000000007e-001	9.260000e-001	5.302950e-010	-1.008166e-009
9.270000000000007e-001	9.270000e-001	5.292888e-010	-1.004336e-009
9.280000000000007e-001	9.280000e-001	5.282864e-010	-1.000561e-009
9.290000000000007e-001	9.290000e-001	5.272877e-010	-9.967860e-010
9.300000000000007e-001	9.300000e-001	5.262928e-010	-9.929835e-010
9.310000000000007e-001	9.310000e-001	5.253017e-010	-9.892642e-010
9.320000000000007e-001	9.320000e-001	5.243143e-010	-9.855727e-010
9.330000000000007e-001	9.330000e-001	5.233305e-010	-9.818535e-010
9.340000000000007e-001	9.340000e-001	5.223506e-010	-9.781898e-010
9.350000000000007e-001	9.350000e-001	5.213742e-010	-9.745538e-010
9.360000000000007e-001	9.360000e-001	5.204014e-010	-9.708900e-010
9.370000000000007e-001	9.370000e-001	5.194324e-010	-9.672818e-010
9.380000000000007e-001	9.380000e-001	5.184669e-010	-9.637013e-010
9.390000000000007e-001	9.390000e-001	5.175050e-010	-9.601209e-010
9.400000000000007e-001	9.400000e-001	5.165466e-010	-9.565682e-010
9.410000000000007e-001	9.410000e-001	5.155918e-010	-9.530432e-010
9.420000000000007e-001	9.420000e-001	5.146406e-010	-9.495182e-010
9.430000000000007e-001	9.430000e-001	5.136928e-010	-9.460210e-010
9.440000000000007e-001	9.440000e-001	5.127485e-010	-9.425793e-010
9.450000000000007e-001	9.450000e-001	5.118077e-010	-9.391099e-010
9.460000000000007e-001	9.460000e-001	5.108703e-010	-9.356405e-010
9.470000000000007e-001	9.470000e-001	5.099364e-010	-9.322265e-010
9.480000000000007e-001	9.480000e-001	5.090058e-010	-9.288681e-010
9.490000000000007e-001	9.490000e-001	5.080786e-010	-9.254819e-010
9.500000000000007e-001	9.500000e-001	5.071549e-010	-9.220957e-010
9.510000000000007e-001	9.510000e-001	5.062344e-010	-9.187651e-010
9.520000000000007e-001	9.520000e-001	5.053173e-010	-9.154344e-010
9.530000000000007e-001	9.530000e-001	5.044036e-010	-9.121037e-010
9.540000000000007e-001	9.540000e-001	5.034931e-010	-9.088286e-010
9.550000000000007e-001	9.550000e-001	5.025859e-010	-9.055812e-010
9.560000000000007e-001	9.560000e-001	5.016820e-010	-9.023060e-010
9.570000000000007e-001	9.570000e-001	5.007813e-010	-8.990586e-010
9.580000000000007e-001	9.580000e-001	4.998839e-010	-8.958667e-010
9.590000000000007e-001	9.590000e-001	4.989896e-010	-8.926471e-010
9.600000000000007e-001	9.600000e-001	4.980986e-010	-8.894552e-010
9.610000000000007e-001	9.610000e-001	4.972107e-010	-8.863188e-010
9.620000000000007e-001	9.620000e-001	4.963259e-010	-8.831547e-010
9.630000000000007e-001	9.630000e-001	4.954444e-010	-8.799905e-010
9.640000000000008e-001	9.640000e-001	4.945659e-010	-8.768819e-010
9.650000000000008e-001	9.650000e-001	4.936906e-010	-8.738010e-010
9.660000000000008e-001	9.660000e-001	4.928183e-010	-8.706924e-010
9.670000000000008e-001	9.670000e-001	4.919492e-010	-8.676393e-010
9.680000000000008e-001	9.680000e-001	4.910831e-010	-8.645862e-010
9.690000000000008e-001	9.690000e-001	4.902200e-010	-8.615331e-010
9.700000000000008e-001	9.700000e-001	4.893600e-010	-8.585355e-010
9.710000000000008e-001	9.710000e-001	4.885030e-010	-8.555379e-010
9.720000000000008e-001	9.720000e-001	4.876489e-010	-8.525403e-010
9.730000000000008e-001	9.730000e-001	4.867979e-010	-8.495704e-010
9.740000000000008e-001	9.740000e-001	4.859498e-010	-8.466006e-010
9.750000000000008e-001	9.750000e-001	4.851047e-010	-8.436585e-010
9.760000000000008e-001	9.760000e-001	4.842625e-010	-8.407441e-010
9.770000000000008e-001	9.770000e-001	4.834232e-010	-8.378298e-010
9.780000000000008e-001	9.780000e-001	4.825868e-010	-8.349155e-010
9.790000000000008e-001	9.790000e-001	4.817534e-010	-8.320289e-010
9.800000000000008e-001	9.800000e-001	4.809227e-010	-8.291978e-010
9.810000000000008e-001	9.810000e-001	4.800950e-010	-8.263390e-010
9.820000000000008e-001	9.820000e-001	4.792701e-010	-8.234802e-010
9.830000000000008e-001	9.830000e-001	4.784480e-010	-8.206769e-010
9.840000000000008e-001	9.840000e-001	4.776287e-010	-8.178735e-010
9.850000000000008e-001	9.850000e-001	4.768123e-010	-8.150425e-010
9.860000000000008e-001	9.860000e-001	4.759986e-010	-8.122669e-010
9.870000000000008e-001	9.870000e-001	4.751877e-010	-8.095191e-010
9.880000000000008e-001	9.880000e-001	4.743796e-010	-8.067713e-010
9.890000000000008e-001	9.890000e-001	4.735742e-010	-8.040513e-010
9.900000000000008e-001	9.900000e-001	4.727715e-010	-8.013035e-010
9.910000000000008e-001	9.910000e-001	4.719716e-010	-7.985834e-010
9.920000000000008e-001	9.920000e-001	4.711743e-010	-7.959189e-010
9.930000000000008e-001	9.930000e-001	4.703797e-010	-7.932266e-010
9.940000000000008e-001	9.940000e-001	4.695879e-010	-7.905621e-010
9.950000000000008e-001	9.950000e-001	4.687986e-010	-7.878975e-010
9.960000000000008e-001	9.960000e-001	4.680121e-010	-7.852607e-010
9.970000000000008e-001	9.970000e-001	4.672281e-010	-7.826517e-010
9.980000000000008e-001	9.980000e-001	4.664468e-010	-7.799872e-010
9.990000000000008e-001	9.990000e-001	4.656681e-010	-7.773920e-010
1.000000000000001e+000	1.000000e+000	4.648920e-010	-7.748385e-010
1.001000000000001e+000	1.001000e+000	4.641184e-010	-7.722573e-010
1.002000000000000e+000	1.002000e+000	4.633475e-010	-7.696760e-010
1.003000000000000e+000	1.003000e+000	4.625791e-010	-7.671225e-010
1.004000000000000e+000	1.004000e+000	4.618132e-010	-7.645967e-010
1.005000000000000e+000	1.005000e+000	4.610499e-010	-7.620710e-010
1.006000000000000e+000	1.006000e+000	4.602891e-010	-7.595591e-010
1.007000000000000e+000	1.007000e+000	4.595308e-010	-7.570611e-010
1.008000000000000e+000	1.008000e+000	4.587750e-010	-7.545631e-010
1.009000000000000e+000	1.009000e+000	4.580216e-010	-7.520790e-010
1.010000000000000e+000	1.010000e+000	4.572708e-010	-7.496226e-010
1.011000000000000e+000	1.011000e+000	4.565224e-010	-7.471801e-010
1.011999999999999e+000	1.012000e+000	4.557764e-010	-7.447376e-010
1.012999999999999e+000	1.013000e+000	4.550329e-010	-7.423090e-010
1.013999999999999e+000	1.014000e+000	4.542918e-010	-7.398943e-010
1.014999999999999e+000	1.015000e+000	4.535531e-010	-7.374795e-010
1.015999999999999e+000	1.016000e+000	4.528169e-010	-7.350925e-010
1.016999999999999e+000	1.017000e+000	4.520830e-010	-7.327194e-010
1.017999999999999e+000	1.018000e+000	4.513514e-010	-7.303463e-010
1.018999999999999e+000	1.019000e+000	4.506223e-010	-7.279871e-010
1.019999999999999e+000	1.020000e+000	4.498955e-010	-7.256418e-010
1.020999999999998e+000	1.021000e+000	4.491710e-010	-7.232964e-010
1.021999999999998e+000	1.022000e+000	4.484489e-010	-7.209788e-010
1.022999999999998e+000	1.023000e+000	4.477290e-010	-7.186751e-010
1.023999999999998e+000	1.024000e+000	4.470115e-010	-7.163575e-010
1.024999999999998e+000	1.025000e+000	4.462963e-010	-7.140677e-010
1.025999999999998e+000	1.026000e+000	4.455834e-010	-7.118056e-010
1.026999999999998e+000	1.027000e+000	4.448727e-010	-7.095297e-010
1.027999999999998e+000	1.028000e+000	4.441643e-010	-7.072676e-010
1.028999999999998e+000	1.029000e+000	4.434582e-010	-7.050333e-010
1.029999999999997e+000	1.030000e+000	4.427542e-010	-7.027851e-010
1.030999999999997e+000	1.031000e+000	4.420526e-010	-7.005507e-010
1.031999999999997e+000	1.032000e+000	4.413531e-010	-6.983442e-010
1.032999999999997e+000	1.033000e+000	4.406559e-010	-6.961376e-010
1.033999999999997e+000	1.034000e+000	4.399609e-010	-6.939449e-010
1.034999999999997e+000	1.035000e+000	4.392680e-010	-6.917661e-010
1.035999999999997e+000	1.036000e+000	4.385773e-010	-6.895873e-010
1.036999999999997e+000	1.037000e+000	4.378888e-010	-6.874223e-010
1.037999999999997e+000	1.038000e+000	4.372025e-010	-6.852713e-010
1.038999999999996e+000	1.039000e+000	4.365183e-010	-6.831341e-010
1.039999999999996e+000	1.040000e+000	4.358362e-010	-6.809969e-010
1.040999999999996e+000	1.041000e+000	4.351563e-010	-6.788736e-010
1.041999999999996e+000	1.042000e+000	4.344785e-010	-6.767642e-010
1.042999999999996e+000	1.043000e+000	4.338028e-010	-6.746548e-010
1.043999999999996e+000	1.044000e+000	4.331292e-010	-6.725592e-010
1.044999999999996e+000	1.045000e+000	4.324577e-010	-6.704776e-010
1.045999999999996e+000	1.046000e+000	4.317882e-010	-6.684098e-010
1.046999999999996e+000	1.047000e+000	4.311208e-010	-6.663420e-010
1.047999999999995e+000	1.048000e+000	4.304555e-010	-6.642742e-010
1.048999999999995e+000	1.049000e+000	4.297923e-010	-6.622342e-010
1.049999999999995e+000	1.050000e+000	4.291311e-010	-6.602080e-010
1.050999999999995e+000	1.051000e+000	4.284719e-010	-6.581818e-010
1.051999999999995e+000	1.052000e+000	4.278147e-010	-6.561557e-010
1.052999999999995e+000	1.053000e+000	4.271596e-010	-6.541573e-010
1.053999999999995e+000	1.054000e+000	4.265064e-010	-6.521589e-010
1.054999999999995e+000	1.055000e+000	4.258552e-010	-6.501605e-010
1.055999999999995e+000	1.056000e+000	4.252061e-010	-6.481760e-010
1.056999999999994e+000	1.057000e+000	4.245589e-010	-6.462053e-010
1.057999999999994e+000	1.058000e+000	4.239137e-010	-6.442485e-010
1.058999999999994e+000	1.059000e+000	4.232704e-010	-6.422918e-010
1.059999999999994e+000	1.060000e+000	4.226291e-010	-6.403489e-010
1.060999999999994e+000	1.061000e+000	4.219897e-010	-6.384199e-010
1.061999999999994e+000	1.062000e+000	4.213522e-010	-6.364909e-010
1.062999999999994e+000	1.063000e+000	4.207167e-010	-6.345618e-010
1.063999999999994e+000	1.064000e+000	4.200831e-010	-6.326467e-010
1.064999999999994e+000	1.065000e+000	4.194514e-010	-6.307593e-010
1.065999999999993e+000	1.066000e+000	4.188216e-010	-6.288720e-010
1.066999999999993e+000	1.067000e+000	4.181937e-010	-6.269707e-010
1.067999999999993e+000	1.068000e+000	4.175676e-010	-6.250972e-010
1.068999999999993e+000	1.069000e+000	4.169435e-010	-6.232376e-010
1.069999999999993e+000	1.070000e+000	4.163212e-010	-6.213779e-010
1.070999999999993e+000	1.071000e+000	4.157007e-010	-6.195322e-010
1.071999999999993e+000	1.072000e+000	4.150821e-010	-6.176865e-010
1.072999999999993e+000	1.073000e+000	4.144654e-010	-6.158407e-010
1.073999999999993e+000	1.074000e+000	4.138504e-010	-6.140227e-010
1.074999999999992e+000	1.075000e+000	4.132373e-010	-6.122047e-010
1.075999999999992e+000	1.076000e+000	4.126260e-010	-6.103867e-010
1.076999999999992e+000	1.077000e+000	4.120165e-010	-6.085965e-010
1.077999999999992e+000	1.078000e+000	4.114088e-010	-6.068063e-010
1.078999999999992e+000	1.079000e+000	4.108029e-010	-6.050160e-010
1.079999999999992e+000	1.080000e+000	4.101988e-010	-6.032397e-010
1.080999999999992e+000	1.081000e+000	4.095964e-010	-6.014633e-010
1.081999999999992e+000	1.082000e+000	4.089959e-010	-5.997008e-010
1.082999999999992e+000	1.083000e+000	4.083970e-010	-5.979384e-010
1.083999999999991e+000	1.084000e+000	4.078000e-010	-5.961898e-010
1.084999999999991e+000	1.085000e+000	4.072047e-010	-5.944689e-010
1.085999999999991e+000	1.086000e+000	4.066111e-010	-5.927342e-010
1.086999999999991e+000	1.087000e+000	4.060192e-010	-5.909995e-010
1.087999999999991e+000	1.088000e+000	4.054291e-010	-5.892925e-010
1.088999999999991e+000	1.089000e+000	4.048406e-010	-5.875855e-010
1.089999999999991e+000	1.090000e+000	4.042539e-010	-5.858647e-010
1.090999999999991e+000	1.091000e+000	4.036689e-010	-5.841716e-010
1.091999999999991e+000	1.092000e+000	4.030855e-010	-5.825063e-010
1.092999999999990e+000	1.093000e+000	4.025039e-010	-5.808132e-010
1.093999999999990e+000	1.094000e+000	4.019239e-010	-5.791340e-010
1.094999999999990e+000	1.095000e+000	4.013456e-010	-5.774825e-010
1.095999999999990e+000	1.096000e+000	4.007689e-010	-5.758172e-010
1.096999999999990e+000	1.097000e+000	4.001940e-010	-5.741657e-010
1.097999999999990e+000	1.098000e+000	3.996206e-010	-5.725281e-010
1.098999999999990e+000	1.099000e+000	3.990489e-010	-5.708906e-010
1.099999999999990e+000	1.100000e+000	3.984788e-010	-5.692530e-010
1.100999999999990e+000	1.101000e+000	3.979104e-010	-5.676293e-010
1.101999999999989e+000	1.102000e+000	3.973436e-010	-5.660195e-010
1.102999999999989e+000	1.103000e+000	3.967784e-010	-5.644096e-010
1.103999999999989e+000	1.104000e+000	3.962148e-010	-5.628137e-010
1.104999999999989e+000	1.105000e+000	3.956527e-010	-5.612177e-010
1.105999999999989e+000	1.106000e+000	3.950923e-010	-5.596218e-010
1.106999999999989e+000	1.107000e+000	3.945335e-010	-5.580397e-010
1.107999999999989e+000	1.108000e+000	3.939762e-010	-5.564577e-010
1.108999999999989e+000	1.109000e+000	3.934206e-010	-5.548895e-010
1.109999999999989e+000	1.110000e+000	3.928665e-010	-5.533352e-010
1.110999999999988e+000	1.111000e+000	3.923139e-010	-5.517808e-010
1.111999999999988e+000	1.112000e+000	3.917629e-010	-5.502265e-010
1.112999999999988e+000	1.113000e+000	3.912135e-010	-5.486861e-010
1.113999999999988e+000	1.114000e+000	3.906655e-010	-5.471595e-010
1.114999999999988e+000	1.115000e+000	3.901191e-010	-5.456191e-010
1.115999999999988e+000	1.116000e+000	3.895743e-010	-5.440925e-010
1.116999999999988e+000	1.117000e+000	3.890309e-010	-5.425937e-010
1.117999999999988e+000	1.118000e+000	3.884891e-010	-5.410811e-010
1.118999999999988e+000	1.119000e+000	3.879488e-010	-5.395545e-010
1.119999999999988e+000	1.120000e+000	3.874100e-010	-5.380696e-010
1.120999999999987e+000	1.121000e+000	3.868726e-010	-5.365847e-010
1.121999999999987e+000	1.122000e+000	3.863368e-010	-5.350859e-010
1.122999999999987e+000	1.123000e+000	3.858025e-010	-5.336148e-010
1.123999999999987e+000	1.124000e+000	3.852696e-010	-5.321438e-010
1.124999999999987e+000	1.125000e+000	3.847382e-010	-5.306727e-010
1.125999999999987e+000	1.126000e+000	3.842082e-010	-5.292156e-010
1.126999999999987e+000	1.127000e+000	3.836798e-010	-5.277584e-010
1.127999999999987e+000	1.128000e+000	3.831527e-010	-5.263012e-010
1.128999999999987e+000	1.129000e+000	3.826272e-010	-5.248718e-010
1.129999999999986e+000	1.130000e+000	3.821030e-010	-5.234424e-010
1.130999999999986e+000	1.131000e+000	3.815803e-010	-5.219991e-010
1.131999999999986e+000	1.132000e+000	3.810590e-010	-5.205697e-010
1.132999999999986e+000	1.133000e+000	3.805391e-010	-5.191542e-010
1.133999999999986e+000	1.134000e+000	3.800207e-010	-5.177386e-010
1.134999999999986e+000	1.135000e+000	3.795037e-010	-5.163231e-010
1.135999999999986e+000	1.136000e+000	3.789880e-010	-5.149353e-010
1.136999999999986e+000	1.137000e+000	3.784738e-010	-5.135337e-010
1.137999999999986e+000	1.138000e+000	3.779610e-010	-5.121320e-010
1.138999999999985e+000	1.139000e+000	3.774495e-010	-5.107581e-010
1.139999999999985e+000	1.140000e+000	3.769395e-010	-5.093842e-010
1.140999999999985e+000	1.141000e+000	3.764307e-010	-5.080103e-010
1.141999999999985e+000	1.142000e+000	3.759234e-010	-5.066364e-010
1.142999999999985e+000	1.143000e+000	3.754175e-010	-5.052764e-010
1.143999999999985e+000	1.144000e+000	3.749129e-010	-5.039164e-010
1.144999999999985e+000	1.145000e+000	3.744096e-010	-5.025563e-010
1.145999999999985e+000	1.146000e+000	3.739078e-010	-5.012102e-010
1.146999999999985e+000	1.147000e+000	3.734072e-010	-4.998779e-010
1.147999999999984e+000	1.148000e+000	3.729080e-010	-4.985456e-010
1.148999999999984e+000	1.149000e+000	3.724101e-010	-4.972134e-010
1.149999999999984e+000	1.150000e+000	3.719136e-010	-4.958811e-010
1.150999999999984e+000	1.151000e+000	3.714184e-010	-4.945627e-010
1.151999999999984e+000	1.152000e+000	3.709245e-010	-4.932582e-010
1.152999999999984e+000	1.153000e+000	3.704319e-010	-4.919537e-010
1.153999999999984e+000	1.154000e+000	3.699406e-010	-4.906353e-010
1.154999999999984e+000	1.155000e+000	3.694506e-010	-4.893308e-010
1.155999999999984e+000	1.156000e+000	3.689619e-010	-4.880540e-010
1.156999999999983e+000	1.157000e+000	3.684745e-010	-4.867634e-010
1.157999999999983e+000	1.158000e+000	3.679884e-010	-4.854728e-010
1.158999999999983e+000	1.159000e+000	3.675035e-010	-4.841960e-010
1.159999999999983e+000	1.160000e+000	3.670200e-010	-4.829193e-010
1.160999999999983e+000	1.161000e+000	3.665377e-010	-4.816425e-010
1.161999999999983e+000	1.162000e+000	3.660567e-010	-4.803935e-010
1.162999999999983e+000	1.163000e+000	3.655769e-010	-4.791445e-010
1.163999999999983e+000	1.164000e+000	3.650984e-010	-4.778677e-010
1.164999999999983e+000	1.165000e+000	3.646212e-010	-4.766187e-010
1.165999999999982e+000	1.166000e+000	3.641452e-010	-4.753975e-010
1.166999999999982e+000	1.167000e+000	3.636704e-010	-4.741485e-010
1.167999999999982e+000	1.168000e+000	3.631969e-010	-4.729134e-010
1.168999999999982e+000	1.169000e+000	3.627245e-010	-4.716921e-010
1.169999999999982e+000	1.170000e+000	3.622535e-010	-4.704570e-010
1.170999999999982e+000	1.171000e+000	3.617836e-010	-4.692358e-010
1.171999999999982e+000	1.172000e+000	3.613150e-010	-4.680284e-010
1.172999999999982e+000	1.173000e+000	3.608476e-010	-4.668210e-010
1.173999999999982e+000	1.174000e+000	3.603814e-010	-4.655998e-010
1.174999999999981e+000	1.175000e+000	3.599164e-010	-4.644063e-010
1.175999999999981e+000	1.176000e+000	3.594526e-010	-4.632128e-010
1.176999999999981e+000	1.177000e+000	3.589899e-010	-4.620193e-010
1.177999999999981e+000	1.178000e+000	3.585285e-010	-4.608397e-010
1.178999999999981e+000	1.179000e+000	3.580683e-010	-4.596462e-010
1.179999999999981e+000	1.180000e+000	3.576092e-010	-4.584666e-010
1.180999999999981e+000	1.181000e+000	3.571513e-010	-4.573009e-010
1.181999999999981e+000	1.182000e+000	3.566946e-010	-4.561351e-010
1.182999999999981e+000	1.183000e+000	3.562391e-010	-4.549694e-010
1.183999999999980e+000	1.184000e+000	3.557847e-010	-4.538037e-010
1.184999999999980e+000	1.185000e+000	3.553315e-010	-4.526518e-010
1.185999999999980e+000	1.186000e+000	3.548794e-010	-4.515138e-010
1.186999999999980e+000	1.187000e+000	3.544284e-010	-4.503620e-010
1.187999999999980e+000	1.188000e+000	3.539787e-010	-4.492101e-010
1.188999999999980e+000	1.189000e+000	3.535300e-010	-4.480721e-010
1.189999999999980e+000	1.190000e+000	3.530825e-010	-4.469342e-010
1.190999999999980e+000	1.191000e+000	3.526361e-010	-4.458101e-010
1.191999999999980e+000	1.192000e+000	3.521909e-010	-4.446860e-010
1.192999999999979e+000	1.193000e+000	3.517468e-010	-4.435619e-010
1.193999999999979e+000	1.194000e+000	3.513038e-010	-4.424516e-010
1.194999999999979e+000	1.195000e+000	3.508619e-010	-4.413414e-010
1.195999999999979e+000	1.196000e+000	3.504211e-010	-4.402312e-010
1.196999999999979e+000	1.197000e+000	3.499814e-010	-4.391210e-010
1.197999999999979e+000	1.198000e+000	3.495428e-010	-4.380246e-010
1.198999999999979e+000	1.199000e+000	3.491054e-010	-4.369283e-010
1.200000000000000e+000	1.200000e+000	3.486690e-010	-4.363732e-010
