v1	V(n002)	V(n003)	d(V(n003))
0.000000000000000e+000	0.000000e+000	1.200000e+000	0.000000e+000
1.000000000000000e-003	1.000000e-003	1.200000e+000	0.000000e+000
2.000000000000000e-003	2.000000e-003	1.200000e+000	0.000000e+000
3.000000000000000e-003	3.000000e-003	1.200000e+000	0.000000e+000
4.000000000000000e-003	4.000000e-003	1.200000e+000	0.000000e+000
5.000000000000000e-003	5.000000e-003	1.200000e+000	0.000000e+000
6.000000000000000e-003	6.000000e-003	1.200000e+000	0.000000e+000
7.000000000000000e-003	7.000000e-003	1.200000e+000	0.000000e+000
8.000000000000000e-003	8.000000e-003	1.200000e+000	0.000000e+000
9.000000000000001e-003	9.000000e-003	1.200000e+000	0.000000e+000
1.000000000000000e-002	1.000000e-002	1.200000e+000	0.000000e+000
1.100000000000000e-002	1.100000e-002	1.200000e+000	0.000000e+000
1.200000000000000e-002	1.200000e-002	1.200000e+000	0.000000e+000
1.300000000000001e-002	1.300000e-002	1.200000e+000	0.000000e+000
1.400000000000001e-002	1.400000e-002	1.200000e+000	0.000000e+000
1.500000000000001e-002	1.500000e-002	1.200000e+000	0.000000e+000
1.600000000000001e-002	1.600000e-002	1.200000e+000	0.000000e+000
1.700000000000001e-002	1.700000e-002	1.200000e+000	0.000000e+000
1.800000000000001e-002	1.800000e-002	1.200000e+000	0.000000e+000
1.900000000000001e-002	1.900000e-002	1.200000e+000	0.000000e+000
2.000000000000001e-002	2.000000e-002	1.200000e+000	0.000000e+000
2.100000000000001e-002	2.100000e-002	1.200000e+000	0.000000e+000
2.200000000000001e-002	2.200000e-002	1.200000e+000	0.000000e+000
2.300000000000001e-002	2.300000e-002	1.200000e+000	0.000000e+000
2.400000000000001e-002	2.400000e-002	1.200000e+000	0.000000e+000
2.500000000000002e-002	2.500000e-002	1.200000e+000	0.000000e+000
2.600000000000002e-002	2.600000e-002	1.200000e+000	0.000000e+000
2.700000000000002e-002	2.700000e-002	1.200000e+000	0.000000e+000
2.800000000000002e-002	2.800000e-002	1.200000e+000	0.000000e+000
2.900000000000002e-002	2.900000e-002	1.200000e+000	0.000000e+000
3.000000000000002e-002	3.000000e-002	1.200000e+000	0.000000e+000
3.100000000000002e-002	3.100000e-002	1.200000e+000	0.000000e+000
3.200000000000002e-002	3.200000e-002	1.200000e+000	0.000000e+000
3.300000000000002e-002	3.300000e-002	1.200000e+000	0.000000e+000
3.400000000000002e-002	3.400000e-002	1.200000e+000	0.000000e+000
3.500000000000002e-002	3.500000e-002	1.200000e+000	0.000000e+000
3.600000000000003e-002	3.600000e-002	1.200000e+000	0.000000e+000
3.700000000000003e-002	3.700000e-002	1.200000e+000	0.000000e+000
3.800000000000003e-002	3.800000e-002	1.200000e+000	0.000000e+000
3.900000000000003e-002	3.900000e-002	1.200000e+000	0.000000e+000
4.000000000000003e-002	4.000000e-002	1.200000e+000	0.000000e+000
4.100000000000003e-002	4.100000e-002	1.200000e+000	0.000000e+000
4.200000000000003e-002	4.200000e-002	1.200000e+000	0.000000e+000
4.300000000000003e-002	4.300000e-002	1.200000e+000	0.000000e+000
4.400000000000003e-002	4.400000e-002	1.200000e+000	0.000000e+000
4.500000000000003e-002	4.500000e-002	1.200000e+000	0.000000e+000
4.600000000000003e-002	4.600000e-002	1.200000e+000	0.000000e+000
4.700000000000004e-002	4.700000e-002	1.200000e+000	0.000000e+000
4.800000000000004e-002	4.800000e-002	1.200000e+000	0.000000e+000
4.900000000000004e-002	4.900000e-002	1.200000e+000	0.000000e+000
5.000000000000004e-002	5.000000e-002	1.200000e+000	0.000000e+000
5.100000000000004e-002	5.100000e-002	1.200000e+000	0.000000e+000
5.200000000000004e-002	5.200000e-002	1.200000e+000	0.000000e+000
5.300000000000004e-002	5.300000e-002	1.200000e+000	0.000000e+000
5.400000000000004e-002	5.400000e-002	1.200000e+000	0.000000e+000
5.500000000000004e-002	5.500000e-002	1.200000e+000	0.000000e+000
5.600000000000004e-002	5.600000e-002	1.200000e+000	0.000000e+000
5.700000000000004e-002	5.700000e-002	1.200000e+000	0.000000e+000
5.800000000000005e-002	5.800000e-002	1.200000e+000	0.000000e+000
5.900000000000005e-002	5.900000e-002	1.200000e+000	0.000000e+000
6.000000000000005e-002	6.000000e-002	1.200000e+000	0.000000e+000
6.100000000000005e-002	6.100000e-002	1.200000e+000	0.000000e+000
6.200000000000005e-002	6.200000e-002	1.200000e+000	0.000000e+000
6.300000000000004e-002	6.300000e-002	1.200000e+000	0.000000e+000
6.400000000000004e-002	6.400000e-002	1.200000e+000	0.000000e+000
6.500000000000004e-002	6.500000e-002	1.200000e+000	0.000000e+000
6.600000000000005e-002	6.600000e-002	1.200000e+000	0.000000e+000
6.700000000000005e-002	6.700000e-002	1.200000e+000	0.000000e+000
6.800000000000005e-002	6.800000e-002	1.200000e+000	0.000000e+000
6.900000000000005e-002	6.900000e-002	1.200000e+000	0.000000e+000
7.000000000000005e-002	7.000000e-002	1.200000e+000	0.000000e+000
7.100000000000005e-002	7.100000e-002	1.200000e+000	0.000000e+000
7.200000000000005e-002	7.200000e-002	1.200000e+000	0.000000e+000
7.300000000000005e-002	7.300000e-002	1.200000e+000	0.000000e+000
7.400000000000005e-002	7.400000e-002	1.200000e+000	0.000000e+000
7.500000000000005e-002	7.500000e-002	1.200000e+000	0.000000e+000
7.600000000000005e-002	7.600000e-002	1.200000e+000	0.000000e+000
7.700000000000006e-002	7.700000e-002	1.200000e+000	0.000000e+000
7.800000000000006e-002	7.800000e-002	1.200000e+000	0.000000e+000
7.900000000000006e-002	7.900000e-002	1.200000e+000	0.000000e+000
8.000000000000006e-002	8.000000e-002	1.200000e+000	0.000000e+000
8.100000000000006e-002	8.100000e-002	1.200000e+000	0.000000e+000
8.200000000000006e-002	8.200000e-002	1.200000e+000	0.000000e+000
8.300000000000006e-002	8.300000e-002	1.200000e+000	0.000000e+000
8.400000000000006e-002	8.400000e-002	1.200000e+000	0.000000e+000
8.500000000000006e-002	8.500000e-002	1.200000e+000	0.000000e+000
8.600000000000006e-002	8.600000e-002	1.200000e+000	0.000000e+000
8.700000000000006e-002	8.700000e-002	1.200000e+000	0.000000e+000
8.800000000000006e-002	8.800000e-002	1.200000e+000	0.000000e+000
8.900000000000007e-002	8.900000e-002	1.200000e+000	0.000000e+000
9.000000000000007e-002	9.000000e-002	1.200000e+000	0.000000e+000
9.100000000000007e-002	9.100000e-002	1.200000e+000	0.000000e+000
9.200000000000007e-002	9.200000e-002	1.200000e+000	0.000000e+000
9.300000000000007e-002	9.300000e-002	1.200000e+000	0.000000e+000
9.400000000000007e-002	9.400000e-002	1.200000e+000	0.000000e+000
9.500000000000007e-002	9.500000e-002	1.200000e+000	0.000000e+000
9.600000000000007e-002	9.600000e-002	1.200000e+000	0.000000e+000
9.700000000000007e-002	9.700000e-002	1.200000e+000	0.000000e+000
9.800000000000007e-002	9.800000e-002	1.200000e+000	0.000000e+000
9.900000000000007e-002	9.900000e-002	1.200000e+000	0.000000e+000
1.000000000000001e-001	1.000000e-001	1.200000e+000	0.000000e+000
1.010000000000001e-001	1.010000e-001	1.200000e+000	0.000000e+000
1.020000000000001e-001	1.020000e-001	1.200000e+000	0.000000e+000
1.030000000000001e-001	1.030000e-001	1.200000e+000	0.000000e+000
1.040000000000001e-001	1.040000e-001	1.200000e+000	0.000000e+000
1.050000000000001e-001	1.050000e-001	1.200000e+000	0.000000e+000
1.060000000000001e-001	1.060000e-001	1.200000e+000	0.000000e+000
1.070000000000001e-001	1.070000e-001	1.200000e+000	0.000000e+000
1.080000000000001e-001	1.080000e-001	1.200000e+000	0.000000e+000
1.090000000000001e-001	1.090000e-001	1.200000e+000	0.000000e+000
1.100000000000001e-001	1.100000e-001	1.200000e+000	0.000000e+000
1.110000000000001e-001	1.110000e-001	1.200000e+000	0.000000e+000
1.120000000000001e-001	1.120000e-001	1.200000e+000	0.000000e+000
1.130000000000001e-001	1.130000e-001	1.200000e+000	0.000000e+000
1.140000000000001e-001	1.140000e-001	1.200000e+000	0.000000e+000
1.150000000000001e-001	1.150000e-001	1.200000e+000	0.000000e+000
1.160000000000001e-001	1.160000e-001	1.200000e+000	0.000000e+000
1.170000000000001e-001	1.170000e-001	1.200000e+000	0.000000e+000
1.180000000000001e-001	1.180000e-001	1.200000e+000	0.000000e+000
1.190000000000001e-001	1.190000e-001	1.200000e+000	0.000000e+000
1.200000000000001e-001	1.200000e-001	1.200000e+000	0.000000e+000
1.210000000000001e-001	1.210000e-001	1.200000e+000	0.000000e+000
1.220000000000001e-001	1.220000e-001	1.200000e+000	0.000000e+000
1.230000000000001e-001	1.230000e-001	1.200000e+000	0.000000e+000
1.240000000000001e-001	1.240000e-001	1.200000e+000	0.000000e+000
1.250000000000001e-001	1.250000e-001	1.200000e+000	0.000000e+000
1.260000000000001e-001	1.260000e-001	1.200000e+000	0.000000e+000
1.270000000000001e-001	1.270000e-001	1.200000e+000	0.000000e+000
1.280000000000001e-001	1.280000e-001	1.200000e+000	0.000000e+000
1.290000000000001e-001	1.290000e-001	1.200000e+000	0.000000e+000
1.300000000000001e-001	1.300000e-001	1.200000e+000	0.000000e+000
1.310000000000001e-001	1.310000e-001	1.200000e+000	0.000000e+000
1.320000000000001e-001	1.320000e-001	1.200000e+000	0.000000e+000
1.330000000000001e-001	1.330000e-001	1.200000e+000	0.000000e+000
1.340000000000001e-001	1.340000e-001	1.200000e+000	0.000000e+000
1.350000000000001e-001	1.350000e-001	1.200000e+000	0.000000e+000
1.360000000000001e-001	1.360000e-001	1.200000e+000	0.000000e+000
1.370000000000001e-001	1.370000e-001	1.200000e+000	0.000000e+000
1.380000000000001e-001	1.380000e-001	1.200000e+000	0.000000e+000
1.390000000000001e-001	1.390000e-001	1.200000e+000	0.000000e+000
1.400000000000001e-001	1.400000e-001	1.200000e+000	0.000000e+000
1.410000000000001e-001	1.410000e-001	1.200000e+000	0.000000e+000
1.420000000000001e-001	1.420000e-001	1.200000e+000	0.000000e+000
1.430000000000001e-001	1.430000e-001	1.200000e+000	0.000000e+000
1.440000000000001e-001	1.440000e-001	1.200000e+000	0.000000e+000
1.450000000000001e-001	1.450000e-001	1.200000e+000	0.000000e+000
1.460000000000001e-001	1.460000e-001	1.200000e+000	0.000000e+000
1.470000000000001e-001	1.470000e-001	1.200000e+000	0.000000e+000
1.480000000000001e-001	1.480000e-001	1.200000e+000	0.000000e+000
1.490000000000001e-001	1.490000e-001	1.200000e+000	0.000000e+000
1.500000000000001e-001	1.500000e-001	1.200000e+000	0.000000e+000
1.510000000000001e-001	1.510000e-001	1.200000e+000	0.000000e+000
1.520000000000001e-001	1.520000e-001	1.200000e+000	0.000000e+000
1.530000000000001e-001	1.530000e-001	1.200000e+000	0.000000e+000
1.540000000000001e-001	1.540000e-001	1.200000e+000	0.000000e+000
1.550000000000001e-001	1.550000e-001	1.200000e+000	0.000000e+000
1.560000000000001e-001	1.560000e-001	1.200000e+000	0.000000e+000
1.570000000000001e-001	1.570000e-001	1.200000e+000	0.000000e+000
1.580000000000001e-001	1.580000e-001	1.200000e+000	0.000000e+000
1.590000000000001e-001	1.590000e-001	1.200000e+000	0.000000e+000
1.600000000000001e-001	1.600000e-001	1.200000e+000	0.000000e+000
1.610000000000001e-001	1.610000e-001	1.200000e+000	0.000000e+000
1.620000000000001e-001	1.620000e-001	1.200000e+000	0.000000e+000
1.630000000000001e-001	1.630000e-001	1.200000e+000	0.000000e+000
1.640000000000001e-001	1.640000e-001	1.200000e+000	0.000000e+000
1.650000000000001e-001	1.650000e-001	1.200000e+000	0.000000e+000
1.660000000000001e-001	1.660000e-001	1.200000e+000	0.000000e+000
1.670000000000001e-001	1.670000e-001	1.200000e+000	0.000000e+000
1.680000000000001e-001	1.680000e-001	1.200000e+000	0.000000e+000
1.690000000000001e-001	1.690000e-001	1.200000e+000	0.000000e+000
1.700000000000001e-001	1.700000e-001	1.200000e+000	0.000000e+000
1.710000000000001e-001	1.710000e-001	1.200000e+000	0.000000e+000
1.720000000000001e-001	1.720000e-001	1.200000e+000	0.000000e+000
1.730000000000001e-001	1.730000e-001	1.200000e+000	0.000000e+000
1.740000000000001e-001	1.740000e-001	1.200000e+000	0.000000e+000
1.750000000000001e-001	1.750000e-001	1.200000e+000	0.000000e+000
1.760000000000001e-001	1.760000e-001	1.200000e+000	0.000000e+000
1.770000000000001e-001	1.770000e-001	1.200000e+000	0.000000e+000
1.780000000000001e-001	1.780000e-001	1.200000e+000	0.000000e+000
1.790000000000001e-001	1.790000e-001	1.200000e+000	0.000000e+000
1.800000000000001e-001	1.800000e-001	1.200000e+000	0.000000e+000
1.810000000000001e-001	1.810000e-001	1.200000e+000	0.000000e+000
1.820000000000001e-001	1.820000e-001	1.200000e+000	0.000000e+000
1.830000000000001e-001	1.830000e-001	1.200000e+000	0.000000e+000
1.840000000000001e-001	1.840000e-001	1.200000e+000	0.000000e+000
1.850000000000001e-001	1.850000e-001	1.200000e+000	0.000000e+000
1.860000000000001e-001	1.860000e-001	1.200000e+000	0.000000e+000
1.870000000000001e-001	1.870000e-001	1.200000e+000	0.000000e+000
1.880000000000001e-001	1.880000e-001	1.200000e+000	0.000000e+000
1.890000000000001e-001	1.890000e-001	1.200000e+000	0.000000e+000
1.900000000000001e-001	1.900000e-001	1.200000e+000	0.000000e+000
1.910000000000001e-001	1.910000e-001	1.200000e+000	0.000000e+000
1.920000000000001e-001	1.920000e-001	1.200000e+000	0.000000e+000
1.930000000000001e-001	1.930000e-001	1.200000e+000	0.000000e+000
1.940000000000001e-001	1.940000e-001	1.200000e+000	0.000000e+000
1.950000000000002e-001	1.950000e-001	1.200000e+000	0.000000e+000
1.960000000000002e-001	1.960000e-001	1.200000e+000	0.000000e+000
1.970000000000002e-001	1.970000e-001	1.200000e+000	0.000000e+000
1.980000000000002e-001	1.980000e-001	1.200000e+000	0.000000e+000
1.990000000000002e-001	1.990000e-001	1.200000e+000	0.000000e+000
2.000000000000002e-001	2.000000e-001	1.200000e+000	0.000000e+000
2.010000000000002e-001	2.010000e-001	1.200000e+000	0.000000e+000
2.020000000000002e-001	2.020000e-001	1.200000e+000	0.000000e+000
2.030000000000002e-001	2.030000e-001	1.200000e+000	0.000000e+000
2.040000000000002e-001	2.040000e-001	1.200000e+000	0.000000e+000
2.050000000000002e-001	2.050000e-001	1.200000e+000	0.000000e+000
2.060000000000002e-001	2.060000e-001	1.200000e+000	0.000000e+000
2.070000000000002e-001	2.070000e-001	1.200000e+000	0.000000e+000
2.080000000000002e-001	2.080000e-001	1.200000e+000	0.000000e+000
2.090000000000002e-001	2.090000e-001	1.200000e+000	0.000000e+000
2.100000000000002e-001	2.100000e-001	1.200000e+000	0.000000e+000
2.110000000000002e-001	2.110000e-001	1.200000e+000	0.000000e+000
2.120000000000002e-001	2.120000e-001	1.200000e+000	0.000000e+000
2.130000000000002e-001	2.130000e-001	1.200000e+000	0.000000e+000
2.140000000000002e-001	2.140000e-001	1.200000e+000	0.000000e+000
2.150000000000002e-001	2.150000e-001	1.200000e+000	0.000000e+000
2.160000000000002e-001	2.160000e-001	1.200000e+000	0.000000e+000
2.170000000000002e-001	2.170000e-001	1.200000e+000	0.000000e+000
2.180000000000002e-001	2.180000e-001	1.200000e+000	0.000000e+000
2.190000000000002e-001	2.190000e-001	1.200000e+000	0.000000e+000
2.200000000000002e-001	2.200000e-001	1.200000e+000	0.000000e+000
2.210000000000002e-001	2.210000e-001	1.200000e+000	0.000000e+000
2.220000000000002e-001	2.220000e-001	1.200000e+000	0.000000e+000
2.230000000000002e-001	2.230000e-001	1.200000e+000	0.000000e+000
2.240000000000002e-001	2.240000e-001	1.200000e+000	0.000000e+000
2.250000000000002e-001	2.250000e-001	1.200000e+000	0.000000e+000
2.260000000000002e-001	2.260000e-001	1.200000e+000	0.000000e+000
2.270000000000002e-001	2.270000e-001	1.200000e+000	0.000000e+000
2.280000000000002e-001	2.280000e-001	1.200000e+000	0.000000e+000
2.290000000000002e-001	2.290000e-001	1.200000e+000	0.000000e+000
2.300000000000002e-001	2.300000e-001	1.200000e+000	0.000000e+000
2.310000000000002e-001	2.310000e-001	1.200000e+000	0.000000e+000
2.320000000000002e-001	2.320000e-001	1.200000e+000	0.000000e+000
2.330000000000002e-001	2.330000e-001	1.200000e+000	0.000000e+000
2.340000000000002e-001	2.340000e-001	1.200000e+000	0.000000e+000
2.350000000000002e-001	2.350000e-001	1.200000e+000	0.000000e+000
2.360000000000002e-001	2.360000e-001	1.200000e+000	0.000000e+000
2.370000000000002e-001	2.370000e-001	1.200000e+000	0.000000e+000
2.380000000000002e-001	2.380000e-001	1.200000e+000	0.000000e+000
2.390000000000002e-001	2.390000e-001	1.200000e+000	0.000000e+000
2.400000000000002e-001	2.400000e-001	1.200000e+000	0.000000e+000
2.410000000000002e-001	2.410000e-001	1.200000e+000	0.000000e+000
2.420000000000002e-001	2.420000e-001	1.200000e+000	0.000000e+000
2.430000000000002e-001	2.430000e-001	1.200000e+000	0.000000e+000
2.440000000000002e-001	2.440000e-001	1.200000e+000	0.000000e+000
2.450000000000002e-001	2.450000e-001	1.200000e+000	0.000000e+000
2.460000000000002e-001	2.460000e-001	1.200000e+000	0.000000e+000
2.470000000000002e-001	2.470000e-001	1.200000e+000	0.000000e+000
2.480000000000002e-001	2.480000e-001	1.200000e+000	0.000000e+000
2.490000000000002e-001	2.490000e-001	1.200000e+000	0.000000e+000
2.500000000000002e-001	2.500000e-001	1.200000e+000	0.000000e+000
2.510000000000002e-001	2.510000e-001	1.200000e+000	0.000000e+000
2.520000000000002e-001	2.520000e-001	1.200000e+000	0.000000e+000
2.530000000000002e-001	2.530000e-001	1.200000e+000	0.000000e+000
2.540000000000002e-001	2.540000e-001	1.200000e+000	0.000000e+000
2.550000000000002e-001	2.550000e-001	1.200000e+000	0.000000e+000
2.560000000000002e-001	2.560000e-001	1.200000e+000	0.000000e+000
2.570000000000002e-001	2.570000e-001	1.200000e+000	0.000000e+000
2.580000000000002e-001	2.580000e-001	1.200000e+000	0.000000e+000
2.590000000000002e-001	2.590000e-001	1.200000e+000	0.000000e+000
2.600000000000002e-001	2.600000e-001	1.200000e+000	0.000000e+000
2.610000000000002e-001	2.610000e-001	1.200000e+000	0.000000e+000
2.620000000000002e-001	2.620000e-001	1.200000e+000	0.000000e+000
2.630000000000002e-001	2.630000e-001	1.200000e+000	0.000000e+000
2.640000000000002e-001	2.640000e-001	1.200000e+000	0.000000e+000
2.650000000000002e-001	2.650000e-001	1.200000e+000	0.000000e+000
2.660000000000002e-001	2.660000e-001	1.200000e+000	0.000000e+000
2.670000000000002e-001	2.670000e-001	1.200000e+000	0.000000e+000
2.680000000000002e-001	2.680000e-001	1.200000e+000	0.000000e+000
2.690000000000002e-001	2.690000e-001	1.200000e+000	0.000000e+000
2.700000000000002e-001	2.700000e-001	1.200000e+000	0.000000e+000
2.710000000000002e-001	2.710000e-001	1.200000e+000	0.000000e+000
2.720000000000002e-001	2.720000e-001	1.200000e+000	0.000000e+000
2.730000000000002e-001	2.730000e-001	1.200000e+000	0.000000e+000
2.740000000000002e-001	2.740000e-001	1.200000e+000	0.000000e+000
2.750000000000002e-001	2.750000e-001	1.200000e+000	0.000000e+000
2.760000000000002e-001	2.760000e-001	1.200000e+000	0.000000e+000
2.770000000000002e-001	2.770000e-001	1.200000e+000	0.000000e+000
2.780000000000002e-001	2.780000e-001	1.200000e+000	0.000000e+000
2.790000000000002e-001	2.790000e-001	1.200000e+000	0.000000e+000
2.800000000000002e-001	2.800000e-001	1.200000e+000	0.000000e+000
2.810000000000002e-001	2.810000e-001	1.200000e+000	0.000000e+000
2.820000000000002e-001	2.820000e-001	1.200000e+000	0.000000e+000
2.830000000000002e-001	2.830000e-001	1.200000e+000	0.000000e+000
2.840000000000002e-001	2.840000e-001	1.200000e+000	0.000000e+000
2.850000000000002e-001	2.850000e-001	1.200000e+000	0.000000e+000
2.860000000000002e-001	2.860000e-001	1.200000e+000	0.000000e+000
2.870000000000002e-001	2.870000e-001	1.200000e+000	0.000000e+000
2.880000000000002e-001	2.880000e-001	1.200000e+000	0.000000e+000
2.890000000000002e-001	2.890000e-001	1.200000e+000	0.000000e+000
2.900000000000002e-001	2.900000e-001	1.200000e+000	0.000000e+000
2.910000000000002e-001	2.910000e-001	1.200000e+000	0.000000e+000
2.920000000000002e-001	2.920000e-001	1.200000e+000	0.000000e+000
2.930000000000002e-001	2.930000e-001	1.200000e+000	0.000000e+000
2.940000000000002e-001	2.940000e-001	1.200000e+000	0.000000e+000
2.950000000000002e-001	2.950000e-001	1.200000e+000	0.000000e+000
2.960000000000002e-001	2.960000e-001	1.200000e+000	0.000000e+000
2.970000000000002e-001	2.970000e-001	1.200000e+000	0.000000e+000
2.980000000000002e-001	2.980000e-001	1.200000e+000	0.000000e+000
2.990000000000002e-001	2.990000e-001	1.200000e+000	0.000000e+000
3.000000000000002e-001	3.000000e-001	1.200000e+000	0.000000e+000
3.010000000000002e-001	3.010000e-001	1.200000e+000	0.000000e+000
3.020000000000002e-001	3.020000e-001	1.200000e+000	0.000000e+000
3.030000000000002e-001	3.030000e-001	1.200000e+000	0.000000e+000
3.040000000000002e-001	3.040000e-001	1.200000e+000	0.000000e+000
3.050000000000002e-001	3.050000e-001	1.200000e+000	0.000000e+000
3.060000000000002e-001	3.060000e-001	1.200000e+000	0.000000e+000
3.070000000000002e-001	3.070000e-001	1.200000e+000	0.000000e+000
3.080000000000002e-001	3.080000e-001	1.200000e+000	0.000000e+000
3.090000000000002e-001	3.090000e-001	1.200000e+000	0.000000e+000
3.100000000000002e-001	3.100000e-001	1.200000e+000	0.000000e+000
3.110000000000002e-001	3.110000e-001	1.200000e+000	0.000000e+000
3.120000000000002e-001	3.120000e-001	1.200000e+000	0.000000e+000
3.130000000000002e-001	3.130000e-001	1.200000e+000	0.000000e+000
3.140000000000002e-001	3.140000e-001	1.200000e+000	0.000000e+000
3.150000000000002e-001	3.150000e-001	1.200000e+000	0.000000e+000
3.160000000000002e-001	3.160000e-001	1.200000e+000	0.000000e+000
3.170000000000002e-001	3.170000e-001	1.200000e+000	0.000000e+000
3.180000000000002e-001	3.180000e-001	1.200000e+000	0.000000e+000
3.190000000000002e-001	3.190000e-001	1.200000e+000	0.000000e+000
3.200000000000002e-001	3.200000e-001	1.200000e+000	0.000000e+000
3.210000000000002e-001	3.210000e-001	1.200000e+000	0.000000e+000
3.220000000000002e-001	3.220000e-001	1.200000e+000	0.000000e+000
3.230000000000002e-001	3.230000e-001	1.200000e+000	0.000000e+000
3.240000000000002e-001	3.240000e-001	1.200000e+000	0.000000e+000
3.250000000000002e-001	3.250000e-001	1.200000e+000	0.000000e+000
3.260000000000002e-001	3.260000e-001	1.200000e+000	0.000000e+000
3.270000000000002e-001	3.270000e-001	1.200000e+000	0.000000e+000
3.280000000000002e-001	3.280000e-001	1.200000e+000	0.000000e+000
3.290000000000002e-001	3.290000e-001	1.200000e+000	0.000000e+000
3.300000000000002e-001	3.300000e-001	1.200000e+000	0.000000e+000
3.310000000000002e-001	3.310000e-001	1.200000e+000	0.000000e+000
3.320000000000002e-001	3.320000e-001	1.200000e+000	0.000000e+000
3.330000000000002e-001	3.330000e-001	1.200000e+000	0.000000e+000
3.340000000000002e-001	3.340000e-001	1.200000e+000	0.000000e+000
3.350000000000002e-001	3.350000e-001	1.200000e+000	0.000000e+000
3.360000000000002e-001	3.360000e-001	1.200000e+000	0.000000e+000
3.370000000000002e-001	3.370000e-001	1.200000e+000	0.000000e+000
3.380000000000002e-001	3.380000e-001	1.200000e+000	0.000000e+000
3.390000000000003e-001	3.390000e-001	1.200000e+000	0.000000e+000
3.400000000000003e-001	3.400000e-001	1.200000e+000	0.000000e+000
3.410000000000003e-001	3.410000e-001	1.200000e+000	0.000000e+000
3.420000000000003e-001	3.420000e-001	1.200000e+000	0.000000e+000
3.430000000000003e-001	3.430000e-001	1.200000e+000	0.000000e+000
3.440000000000003e-001	3.440000e-001	1.200000e+000	0.000000e+000
3.450000000000003e-001	3.450000e-001	1.200000e+000	0.000000e+000
3.460000000000003e-001	3.460000e-001	1.200000e+000	0.000000e+000
3.470000000000003e-001	3.470000e-001	1.200000e+000	0.000000e+000
3.480000000000003e-001	3.480000e-001	1.200000e+000	0.000000e+000
3.490000000000003e-001	3.490000e-001	1.200000e+000	0.000000e+000
3.500000000000003e-001	3.500000e-001	1.200000e+000	0.000000e+000
3.510000000000003e-001	3.510000e-001	1.200000e+000	0.000000e+000
3.520000000000003e-001	3.520000e-001	1.200000e+000	0.000000e+000
3.530000000000003e-001	3.530000e-001	1.200000e+000	0.000000e+000
3.540000000000003e-001	3.540000e-001	1.200000e+000	0.000000e+000
3.550000000000003e-001	3.550000e-001	1.200000e+000	0.000000e+000
3.560000000000003e-001	3.560000e-001	1.200000e+000	0.000000e+000
3.570000000000003e-001	3.570000e-001	1.200000e+000	0.000000e+000
3.580000000000003e-001	3.580000e-001	1.200000e+000	0.000000e+000
3.590000000000003e-001	3.590000e-001	1.200000e+000	0.000000e+000
3.600000000000003e-001	3.600000e-001	1.200000e+000	0.000000e+000
3.610000000000003e-001	3.610000e-001	1.200000e+000	0.000000e+000
3.620000000000003e-001	3.620000e-001	1.200000e+000	0.000000e+000
3.630000000000003e-001	3.630000e-001	1.200000e+000	0.000000e+000
3.640000000000003e-001	3.640000e-001	1.200000e+000	0.000000e+000
3.650000000000003e-001	3.650000e-001	1.200000e+000	0.000000e+000
3.660000000000003e-001	3.660000e-001	1.200000e+000	0.000000e+000
3.670000000000003e-001	3.670000e-001	1.200000e+000	0.000000e+000
3.680000000000003e-001	3.680000e-001	1.200000e+000	0.000000e+000
3.690000000000003e-001	3.690000e-001	1.200000e+000	0.000000e+000
3.700000000000003e-001	3.700000e-001	1.200000e+000	0.000000e+000
3.710000000000003e-001	3.710000e-001	1.200000e+000	0.000000e+000
3.720000000000003e-001	3.720000e-001	1.200000e+000	0.000000e+000
3.730000000000003e-001	3.730000e-001	1.200000e+000	0.000000e+000
3.740000000000003e-001	3.740000e-001	1.200000e+000	0.000000e+000
3.750000000000003e-001	3.750000e-001	1.200000e+000	0.000000e+000
3.760000000000003e-001	3.760000e-001	1.200000e+000	0.000000e+000
3.770000000000003e-001	3.770000e-001	1.200000e+000	0.000000e+000
3.780000000000003e-001	3.780000e-001	1.200000e+000	0.000000e+000
3.790000000000003e-001	3.790000e-001	1.200000e+000	0.000000e+000
3.800000000000003e-001	3.800000e-001	1.200000e+000	0.000000e+000
3.810000000000003e-001	3.810000e-001	1.200000e+000	0.000000e+000
3.820000000000003e-001	3.820000e-001	1.200000e+000	0.000000e+000
3.830000000000003e-001	3.830000e-001	1.200000e+000	0.000000e+000
3.840000000000003e-001	3.840000e-001	1.200000e+000	0.000000e+000
3.850000000000003e-001	3.850000e-001	1.200000e+000	0.000000e+000
3.860000000000003e-001	3.860000e-001	1.200000e+000	0.000000e+000
3.870000000000003e-001	3.870000e-001	1.200000e+000	0.000000e+000
3.880000000000003e-001	3.880000e-001	1.200000e+000	0.000000e+000
3.890000000000003e-001	3.890000e-001	1.200000e+000	0.000000e+000
3.900000000000003e-001	3.900000e-001	1.200000e+000	0.000000e+000
3.910000000000003e-001	3.910000e-001	1.200000e+000	0.000000e+000
3.920000000000003e-001	3.920000e-001	1.200000e+000	0.000000e+000
3.930000000000003e-001	3.930000e-001	1.200000e+000	0.000000e+000
3.940000000000003e-001	3.940000e-001	1.200000e+000	0.000000e+000
3.950000000000003e-001	3.950000e-001	1.200000e+000	0.000000e+000
3.960000000000003e-001	3.960000e-001	1.200000e+000	0.000000e+000
3.970000000000003e-001	3.970000e-001	1.200000e+000	0.000000e+000
3.980000000000003e-001	3.980000e-001	1.200000e+000	0.000000e+000
3.990000000000003e-001	3.990000e-001	1.200000e+000	0.000000e+000
4.000000000000003e-001	4.000000e-001	1.200000e+000	-3.576279e-004
4.010000000000003e-001	4.010000e-001	1.199999e+000	-1.251698e-003
4.020000000000003e-001	4.020000e-001	1.199998e+000	-2.503395e-003
4.030000000000003e-001	4.030000e-001	1.199994e+000	-3.814697e-003
4.040000000000003e-001	4.040000e-001	1.199990e+000	-5.066395e-003
4.050000000000003e-001	4.050000e-001	1.199984e+000	-6.377697e-003
4.060000000000003e-001	4.060000e-001	1.199977e+000	-7.688999e-003
4.070000000000003e-001	4.070000e-001	1.199969e+000	-9.000301e-003
4.080000000000003e-001	4.080000e-001	1.199959e+000	-1.031160e-002
4.090000000000003e-001	4.090000e-001	1.199948e+000	-1.162291e-002
4.100000000000003e-001	4.100000e-001	1.199936e+000	-1.299381e-002
4.110000000000003e-001	4.110000e-001	1.199922e+000	-1.436472e-002
4.120000000000003e-001	4.120000e-001	1.199907e+000	-1.567602e-002
4.130000000000003e-001	4.130000e-001	1.199891e+000	-1.704693e-002
4.140000000000003e-001	4.140000e-001	1.199873e+000	-1.847744e-002
4.150000000000003e-001	4.150000e-001	1.199854e+000	-1.990795e-002
4.160000000000003e-001	4.160000e-001	1.199833e+000	-2.127886e-002
4.170000000000003e-001	4.170000e-001	1.199811e+000	-2.270937e-002
4.180000000000003e-001	4.180000e-001	1.199788e+000	-2.413988e-002
4.190000000000003e-001	4.190000e-001	1.199763e+000	-2.557039e-002
4.200000000000003e-001	4.200000e-001	1.199737e+000	-2.706051e-002
4.210000000000003e-001	4.210000e-001	1.199709e+000	-2.849102e-002
4.220000000000003e-001	4.220000e-001	1.199680e+000	-2.992153e-002
4.230000000000003e-001	4.230000e-001	1.199649e+000	-3.147125e-002
4.240000000000003e-001	4.240000e-001	1.199617e+000	-3.302097e-002
4.250000000000003e-001	4.250000e-001	1.199583e+000	-3.445148e-002
4.260000000000003e-001	4.260000e-001	1.199548e+000	-3.600121e-002
4.270000000000003e-001	4.270000e-001	1.199511e+000	-3.755093e-002
4.280000000000003e-001	4.280000e-001	1.199473e+000	-3.910065e-002
4.290000000000003e-001	4.290000e-001	1.199433e+000	-4.070997e-002
4.300000000000003e-001	4.300000e-001	1.199391e+000	-4.225969e-002
4.310000000000003e-001	4.310000e-001	1.199348e+000	-4.380941e-002
4.320000000000003e-001	4.320000e-001	1.199304e+000	-4.547834e-002
4.330000000000003e-001	4.330000e-001	1.199257e+000	-4.708767e-002
4.340000000000003e-001	4.340000e-001	1.199210e+000	-4.869699e-002
4.350000000000003e-001	4.350000e-001	1.199160e+000	-5.036592e-002
4.360000000000003e-001	4.360000e-001	1.199109e+000	-5.203485e-002
4.370000000000003e-001	4.370000e-001	1.199056e+000	-5.370378e-002
4.380000000000003e-001	4.380000e-001	1.199001e+000	-5.537271e-002
4.390000000000003e-001	4.390000e-001	1.198945e+000	-5.716085e-002
4.400000000000003e-001	4.400000e-001	1.198887e+000	-5.882978e-002
4.410000000000003e-001	4.410000e-001	1.198828e+000	-6.055832e-002
4.420000000000003e-001	4.420000e-001	1.198766e+000	-6.234646e-002
4.430000000000003e-001	4.430000e-001	1.198703e+000	-6.407499e-002
4.440000000000003e-001	4.440000e-001	1.198638e+000	-6.586313e-002
4.450000000000003e-001	4.450000e-001	1.198571e+000	-6.765127e-002
4.460000000000003e-001	4.460000e-001	1.198503e+000	-6.949902e-002
4.470000000000003e-001	4.470000e-001	1.198432e+000	-7.134676e-002
4.480000000000003e-001	4.480000e-001	1.198360e+000	-7.319450e-002
4.490000000000003e-001	4.490000e-001	1.198286e+000	-7.504225e-002
4.500000000000003e-001	4.500000e-001	1.198210e+000	-7.694960e-002
4.510000000000004e-001	4.510000e-001	1.198132e+000	-7.885695e-002
4.520000000000004e-001	4.520000e-001	1.198052e+000	-8.076429e-002
4.530000000000004e-001	4.530000e-001	1.197970e+000	-8.273125e-002
4.540000000000004e-001	4.540000e-001	1.197887e+000	-8.463860e-002
4.550000000000004e-001	4.550000e-001	1.197801e+000	-8.660555e-002
4.560000000000004e-001	4.560000e-001	1.197713e+000	-8.863211e-002
4.570000000000004e-001	4.570000e-001	1.197624e+000	-9.065866e-002
4.580000000000004e-001	4.580000e-001	1.197532e+000	-9.268522e-002
4.590000000000004e-001	4.590000e-001	1.197438e+000	-9.477139e-002
4.600000000000004e-001	4.600000e-001	1.197343e+000	-9.685755e-002
4.610000000000004e-001	4.610000e-001	1.197245e+000	-9.888411e-002
4.620000000000004e-001	4.620000e-001	1.197145e+000	-1.009703e-001
4.630000000000004e-001	4.630000e-001	1.197043e+000	-1.031756e-001
4.640000000000004e-001	4.640000e-001	1.196938e+000	-1.053214e-001
4.650000000000004e-001	4.650000e-001	1.196832e+000	-1.074672e-001
4.660000000000004e-001	4.660000e-001	1.196723e+000	-1.097322e-001
4.670000000000004e-001	4.670000e-001	1.196613e+000	-1.119375e-001
4.680000000000004e-001	4.680000e-001	1.196500e+000	-1.141429e-001
4.690000000000004e-001	4.690000e-001	1.196384e+000	-1.164079e-001
4.700000000000004e-001	4.700000e-001	1.196267e+000	-1.187325e-001
4.710000000000004e-001	4.710000e-001	1.196147e+000	-1.210570e-001
4.720000000000004e-001	4.720000e-001	1.196025e+000	-1.233816e-001
4.730000000000004e-001	4.730000e-001	1.195900e+000	-1.257062e-001
4.740000000000004e-001	4.740000e-001	1.195773e+000	-1.280904e-001
4.750000000000004e-001	4.750000e-001	1.195644e+000	-1.305342e-001
4.760000000000004e-001	4.760000e-001	1.195512e+000	-1.329780e-001
4.770000000000004e-001	4.770000e-001	1.195378e+000	-1.354814e-001
4.780000000000004e-001	4.780000e-001	1.195241e+000	-1.379251e-001
4.790000000000004e-001	4.790000e-001	1.195102e+000	-1.404285e-001
4.800000000000004e-001	4.800000e-001	1.194960e+000	-1.430511e-001
4.810000000000004e-001	4.810000e-001	1.194816e+000	-1.456141e-001
4.820000000000004e-001	4.820000e-001	1.194669e+000	-1.481771e-001
4.830000000000004e-001	4.830000e-001	1.194520e+000	-1.507998e-001
4.840000000000004e-001	4.840000e-001	1.194368e+000	-1.534820e-001
4.850000000000004e-001	4.850000e-001	1.194213e+000	-1.561642e-001
4.860000000000004e-001	4.860000e-001	1.194055e+000	-1.588464e-001
4.870000000000004e-001	4.870000e-001	1.193895e+000	-1.616478e-001
4.880000000000004e-001	4.880000e-001	1.193732e+000	-1.644492e-001
4.890000000000004e-001	4.890000e-001	1.193566e+000	-1.672506e-001
4.900000000000004e-001	4.900000e-001	1.193397e+000	-1.701117e-001
4.910000000000004e-001	4.910000e-001	1.193226e+000	-1.729727e-001
4.920000000000004e-001	4.920000e-001	1.193051e+000	-1.758337e-001
4.930000000000004e-001	4.930000e-001	1.192874e+000	-1.788139e-001
4.940000000000004e-001	4.940000e-001	1.192694e+000	-1.818538e-001
4.950000000000004e-001	4.950000e-001	1.192510e+000	-1.848340e-001
4.960000000000004e-001	4.960000e-001	1.192324e+000	-1.878738e-001
4.970000000000004e-001	4.970000e-001	1.192135e+000	-1.909733e-001
4.980000000000004e-001	4.980000e-001	1.191942e+000	-1.941323e-001
4.990000000000004e-001	4.990000e-001	1.191746e+000	-1.972914e-001
5.000000000000003e-001	5.000000e-001	1.191548e+000	-2.005100e-001
5.010000000000003e-001	5.010000e-001	1.191345e+000	-2.037883e-001
5.020000000000003e-001	5.020000e-001	1.191140e+000	-2.070069e-001
5.030000000000003e-001	5.030000e-001	1.190931e+000	-2.103448e-001
5.040000000000003e-001	5.040000e-001	1.190719e+000	-2.137423e-001
5.050000000000003e-001	5.050000e-001	1.190504e+000	-2.171397e-001
5.060000000000003e-001	5.060000e-001	1.190285e+000	-2.205968e-001
5.070000000000003e-001	5.070000e-001	1.190063e+000	-2.241135e-001
5.080000000000003e-001	5.080000e-001	1.189837e+000	-2.276897e-001
5.090000000000003e-001	5.090000e-001	1.189607e+000	-2.312660e-001
5.100000000000003e-001	5.100000e-001	1.189374e+000	-2.349019e-001
5.110000000000003e-001	5.110000e-001	1.189138e+000	-2.385974e-001
5.120000000000003e-001	5.120000e-001	1.188897e+000	-2.423525e-001
5.130000000000003e-001	5.130000e-001	1.188653e+000	-2.461672e-001
5.140000000000004e-001	5.140000e-001	1.188405e+000	-2.499819e-001
5.150000000000004e-001	5.150000e-001	1.188153e+000	-2.538562e-001
5.160000000000004e-001	5.160000e-001	1.187897e+000	-2.578497e-001
5.170000000000004e-001	5.170000e-001	1.187637e+000	-2.618432e-001
5.180000000000004e-001	5.180000e-001	1.187373e+000	-2.658963e-001
5.190000000000004e-001	5.190000e-001	1.187105e+000	-2.700686e-001
5.200000000000004e-001	5.200000e-001	1.186833e+000	-2.742410e-001
5.210000000000004e-001	5.210000e-001	1.186557e+000	-2.784729e-001
5.220000000000004e-001	5.220000e-001	1.186276e+000	-2.827644e-001
5.230000000000004e-001	5.230000e-001	1.185991e+000	-2.871156e-001
5.240000000000004e-001	5.240000e-001	1.185702e+000	-2.915263e-001
5.250000000000004e-001	5.250000e-001	1.185408e+000	-2.960563e-001
5.260000000000004e-001	5.260000e-001	1.185110e+000	-3.006458e-001
5.270000000000004e-001	5.270000e-001	1.184807e+000	-3.052354e-001
5.280000000000004e-001	5.280000e-001	1.184500e+000	-3.099442e-001
5.290000000000004e-001	5.290000e-001	1.184187e+000	-3.147125e-001
5.300000000000004e-001	5.300000e-001	1.183870e+000	-3.196001e-001
5.310000000000004e-001	5.310000e-001	1.183548e+000	-3.245473e-001
5.320000000000004e-001	5.320000e-001	1.183221e+000	-3.294945e-001
5.330000000000004e-001	5.330000e-001	1.182889e+000	-3.345609e-001
5.340000000000004e-001	5.340000e-001	1.182552e+000	-3.398061e-001
5.350000000000004e-001	5.350000e-001	1.182209e+000	-3.450513e-001
5.360000000000004e-001	5.360000e-001	1.181862e+000	-3.503561e-001
5.370000000000004e-001	5.370000e-001	1.181509e+000	-3.557801e-001
5.380000000000004e-001	5.380000e-001	1.181150e+000	-3.613234e-001
5.390000000000004e-001	5.390000e-001	1.180786e+000	-3.669262e-001
5.400000000000004e-001	5.400000e-001	1.180416e+000	-3.725886e-001
5.410000000000004e-001	5.410000e-001	1.180041e+000	-3.784895e-001
5.420000000000004e-001	5.420000e-001	1.179659e+000	-3.843904e-001
5.430000000000004e-001	5.430000e-001	1.179272e+000	-3.903508e-001
5.440000000000004e-001	5.440000e-001	1.178879e+000	-3.964901e-001
5.450000000000004e-001	5.450000e-001	1.178479e+000	-4.026890e-001
5.460000000000004e-001	5.460000e-001	1.178073e+000	-4.090071e-001
5.470000000000004e-001	5.470000e-001	1.177661e+000	-4.155040e-001
5.480000000000004e-001	5.480000e-001	1.177242e+000	-4.221201e-001
5.490000000000004e-001	5.490000e-001	1.176817e+000	-4.287958e-001
5.500000000000004e-001	5.500000e-001	1.176385e+000	-4.356503e-001
5.510000000000004e-001	5.510000e-001	1.175946e+000	-4.426241e-001
5.520000000000004e-001	5.520000e-001	1.175499e+000	-4.496574e-001
5.530000000000004e-001	5.530000e-001	1.175046e+000	-4.569292e-001
5.540000000000004e-001	5.540000e-001	1.174586e+000	-4.643202e-001
5.550000000000004e-001	5.550000e-001	1.174118e+000	-4.718304e-001
5.560000000000004e-001	5.560000e-001	1.173642e+000	-4.795194e-001
5.570000000000004e-001	5.570000e-001	1.173159e+000	-4.873872e-001
5.580000000000004e-001	5.580000e-001	1.172667e+000	-4.953742e-001
5.590000000000004e-001	5.590000e-001	1.172168e+000	-5.035400e-001
5.600000000000004e-001	5.600000e-001	1.171660e+000	-5.118847e-001
5.610000000000004e-001	5.610000e-001	1.171144e+000	-5.204082e-001
5.620000000000004e-001	5.620000e-001	1.170619e+000	-5.291104e-001
5.630000000000004e-001	5.630000e-001	1.170086e+000	-5.380511e-001
5.640000000000004e-001	5.640000e-001	1.169543e+000	-5.471706e-001
5.650000000000004e-001	5.650000e-001	1.168991e+000	-5.564690e-001
5.660000000000004e-001	5.660000e-001	1.168430e+000	-5.660057e-001
5.670000000000004e-001	5.670000e-001	1.167859e+000	-5.757809e-001
5.680000000000004e-001	5.680000e-001	1.167279e+000	-5.857944e-001
5.690000000000004e-001	5.690000e-001	1.166688e+000	-5.959868e-001
5.700000000000004e-001	5.700000e-001	1.166087e+000	-6.064773e-001
5.710000000000004e-001	5.710000e-001	1.165475e+000	-6.172061e-001
5.720000000000004e-001	5.720000e-001	1.164852e+000	-6.282330e-001
5.730000000000004e-001	5.730000e-001	1.164218e+000	-6.395578e-001
5.740000000000004e-001	5.740000e-001	1.163573e+000	-6.511211e-001
5.750000000000004e-001	5.750000e-001	1.162916e+000	-6.629825e-001
5.760000000000004e-001	5.760000e-001	1.162247e+000	-6.752610e-001
5.770000000000004e-001	5.770000e-001	1.161566e+000	-6.878376e-001
5.780000000000004e-001	5.780000e-001	1.160872e+000	-7.007122e-001
5.790000000000004e-001	5.790000e-001	1.160164e+000	-7.139444e-001
5.800000000000004e-001	5.800000e-001	1.159444e+000	-7.275939e-001
5.810000000000004e-001	5.810000e-001	1.158709e+000	-7.417202e-001
5.820000000000004e-001	5.820000e-001	1.157960e+000	-7.561445e-001
5.830000000000004e-001	5.830000e-001	1.157197e+000	-7.710457e-001
5.840000000000004e-001	5.840000e-001	1.156418e+000	-7.864237e-001
5.850000000000004e-001	5.850000e-001	1.155624e+000	-8.022785e-001
5.860000000000004e-001	5.860000e-001	1.154814e+000	-8.186698e-001
5.870000000000004e-001	5.870000e-001	1.153987e+000	-8.355975e-001
5.880000000000004e-001	5.880000e-001	1.153142e+000	-8.530617e-001
5.890000000000004e-001	5.890000e-001	1.152280e+000	-8.711219e-001
5.900000000000004e-001	5.900000e-001	1.151400e+000	-8.898377e-001
5.910000000000004e-001	5.910000e-001	1.150501e+000	-9.092093e-001
5.920000000000004e-001	5.920000e-001	1.149582e+000	-9.292960e-001
5.930000000000004e-001	5.930000e-001	1.148642e+000	-9.500980e-001
5.940000000000004e-001	5.940000e-001	1.147681e+000	-9.717345e-001
5.950000000000004e-001	5.950000e-001	1.146699e+000	-9.942055e-001
5.960000000000004e-001	5.960000e-001	1.145693e+000	-1.017630e+000
5.970000000000004e-001	5.970000e-001	1.144663e+000	-1.042008e+000
5.980000000000004e-001	5.980000e-001	1.143609e+000	-1.067340e+000
5.990000000000004e-001	5.990000e-001	1.142529e+000	-1.093864e+000
6.000000000000004e-001	6.000000e-001	1.141421e+000	-1.121521e+000
6.010000000000004e-001	6.010000e-001	1.140286e+000	-1.150489e+000
6.020000000000004e-001	6.020000e-001	1.139120e+000	-1.180828e+000
6.030000000000004e-001	6.030000e-001	1.137924e+000	-1.212597e+000
6.040000000000004e-001	6.040000e-001	1.136695e+000	-1.246035e+000
6.050000000000004e-001	6.050000e-001	1.135432e+000	-1.281202e+000
6.060000000000004e-001	6.060000e-001	1.134133e+000	-1.318276e+000
6.070000000000004e-001	6.070000e-001	1.132795e+000	-1.357377e+000
6.080000000000004e-001	6.080000e-001	1.131418e+000	-1.398742e+000
6.090000000000004e-001	6.090000e-001	1.129998e+000	-1.442671e+000
6.100000000000004e-001	6.100000e-001	1.128533e+000	-1.489282e+000
6.110000000000004e-001	6.110000e-001	1.127019e+000	-1.538873e+000
6.120000000000004e-001	6.120000e-001	1.125455e+000	-1.591980e+000
6.130000000000004e-001	6.130000e-001	1.123835e+000	-1.648784e+000
6.140000000000004e-001	6.140000e-001	1.122157e+000	-1.709819e+000
6.150000000000004e-001	6.150000e-001	1.120416e+000	-1.775622e+000
6.160000000000004e-001	6.160000e-001	1.118606e+000	-1.846850e+000
6.170000000000004e-001	6.170000e-001	1.116722e+000	-1.924336e+000
6.180000000000004e-001	6.180000e-001	1.114757e+000	-2.008855e+000
6.190000000000004e-001	6.190000e-001	1.112704e+000	-2.101779e+000
6.200000000000004e-001	6.200000e-001	1.110554e+000	-2.204418e+000
6.210000000000004e-001	6.210000e-001	1.108296e+000	-2.318561e+000
6.220000000000004e-001	6.220000e-001	1.105917e+000	-2.446651e+000
6.230000000000004e-001	6.230000e-001	1.103402e+000	-2.591670e+000
6.240000000000004e-001	6.240000e-001	1.100733e+000	-2.757549e+000
6.250000000000004e-001	6.250000e-001	1.097887e+000	-2.949953e+000
6.260000000000004e-001	6.260000e-001	1.094833e+000	-3.176868e+000
6.270000000000005e-001	6.270000e-001	1.091533e+000	-3.449738e+000
6.280000000000005e-001	6.280000e-001	1.087934e+000	-3.786564e+000
6.290000000000005e-001	6.290000e-001	1.083960e+000	-4.217088e+000
6.300000000000005e-001	6.300000e-001	1.079500e+000	-4.795194e+000
6.310000000000005e-001	6.310000e-001	1.074370e+000	-5.632162e+000
6.320000000000005e-001	6.320000e-001	1.068236e+000	-7.013857e+000
6.330000000000005e-001	6.330000e-001	1.060342e+000	-1.009345e+001
6.340000000000005e-001	6.340000e-001	1.048049e+000	-4.265983e+002
6.350000000000005e-001	6.350000e-001	2.071455e-001	-4.278462e+002
6.360000000000005e-001	6.360000e-001	1.923562e-001	-1.268066e+001
6.370000000000005e-001	6.370000e-001	1.817842e-001	-9.431764e+000
6.380000000000005e-001	6.380000e-001	1.734926e-001	-7.724874e+000
6.390000000000005e-001	6.390000e-001	1.663344e-001	-6.748416e+000
6.400000000000005e-001	6.400000e-001	1.599958e-001	-6.024435e+000
6.410000000000005e-001	6.410000e-001	1.542856e-001	-5.463600e+000
6.420000000000005e-001	6.420000e-001	1.490686e-001	-5.016766e+000
6.430000000000005e-001	6.430000e-001	1.442520e-001	-4.649825e+000
6.440000000000005e-001	6.440000e-001	1.397690e-001	-4.341371e+000
6.450000000000005e-001	6.450000e-001	1.355693e-001	-4.077263e+000
6.460000000000005e-001	6.460000e-001	1.316144e-001	-3.847733e+000
6.470000000000005e-001	6.470000e-001	1.278738e-001	-3.645785e+000
6.480000000000005e-001	6.480000e-001	1.243229e-001	-3.466256e+000
6.490000000000005e-001	6.490000e-001	1.209413e-001	-3.305256e+000
6.500000000000005e-001	6.500000e-001	1.177123e-001	-3.159765e+000
6.510000000000005e-001	6.510000e-001	1.146218e-001	-3.027420e+000
6.520000000000005e-001	6.520000e-001	1.116575e-001	-2.906337e+000
6.530000000000005e-001	6.530000e-001	1.088091e-001	-2.794981e+000
6.540000000000005e-001	6.540000e-001	1.060675e-001	-2.692100e+000
6.550000000000005e-001	6.550000e-001	1.034249e-001	-2.596665e+000
6.560000000000005e-001	6.560000e-001	1.008742e-001	-2.507798e+000
6.570000000000005e-001	6.570000e-001	9.840931e-002	-2.424769e+000
6.580000000000005e-001	6.580000e-001	9.602468e-002	-2.346963e+000
6.590000000000005e-001	6.590000e-001	9.371538e-002	-2.273843e+000
6.600000000000005e-001	6.600000e-001	9.147699e-002	-2.204947e+000
6.610000000000005e-001	6.610000e-001	8.930549e-002	-2.139874e+000
6.620000000000005e-001	6.620000e-001	8.719724e-002	-2.078280e+000
6.630000000000005e-001	6.630000e-001	8.514893e-002	-2.019864e+000
6.640000000000005e-001	6.640000e-001	8.315752e-002	-1.964349e+000
6.650000000000005e-001	6.650000e-001	8.122023e-002	-1.911499e+000
6.660000000000005e-001	6.660000e-001	7.933452e-002	-1.861107e+000
6.670000000000005e-001	6.670000e-001	7.749802e-002	-1.812983e+000
6.680000000000005e-001	6.680000e-001	7.570855e-002	-1.766957e+000
6.690000000000005e-001	6.690000e-001	7.396410e-002	-1.722880e+000
6.700000000000005e-001	6.700000e-001	7.226279e-002	-1.680605e+000
6.710000000000005e-001	6.710000e-001	7.060289e-002	-1.640018e+000
6.720000000000005e-001	6.720000e-001	6.898276e-002	-1.601011e+000
6.730000000000005e-001	6.730000e-001	6.740087e-002	-1.563471e+000
6.740000000000005e-001	6.740000e-001	6.585582e-002	-1.527309e+000
6.750000000000005e-001	6.750000e-001	6.434625e-002	-1.492444e+000
6.760000000000005e-001	6.760000e-001	6.287093e-002	-1.458794e+000
6.770000000000005e-001	6.770000e-001	6.142867e-002	-1.426289e+000
6.780000000000005e-001	6.780000e-001	6.001835e-002	-1.394868e+000
6.790000000000005e-001	6.790000e-001	5.863893e-002	-1.364462e+000
6.800000000000005e-001	6.800000e-001	5.728943e-002	-1.335019e+000
6.810000000000005e-001	6.810000e-001	5.596889e-002	-1.306493e+000
6.820000000000005e-001	6.820000e-001	5.467644e-002	-1.278827e+000
6.830000000000005e-001	6.830000e-001	5.341124e-002	-1.251981e+000
6.840000000000005e-001	6.840000e-001	5.217248e-002	-1.225917e+000
6.850000000000005e-001	6.850000e-001	5.095940e-002	-1.200590e+000
6.860000000000005e-001	6.860000e-001	4.977130e-002	-1.175970e+000
6.870000000000005e-001	6.870000e-001	4.860746e-002	-1.152020e+000
6.880000000000005e-001	6.880000e-001	4.746726e-002	-1.128709e+000
6.890000000000005e-001	6.890000e-001	4.635005e-002	-1.106011e+000
6.900000000000005e-001	6.900000e-001	4.525524e-002	-1.083897e+000
6.910000000000005e-001	6.910000e-001	4.418225e-002	-1.062339e+000
6.920000000000005e-001	6.920000e-001	4.313056e-002	-1.041315e+000
6.930000000000005e-001	6.930000e-001	4.209962e-002	-1.020804e+000
6.940000000000005e-001	6.940000e-001	4.108895e-002	-1.000781e+000
6.950000000000005e-001	6.950000e-001	4.009806e-002	-9.812303e-001
6.960000000000005e-001	6.960000e-001	3.912649e-002	-9.621289e-001
6.970000000000005e-001	6.970000e-001	3.817380e-002	-9.434577e-001
6.980000000000005e-001	6.980000e-001	3.723957e-002	-9.252038e-001
6.990000000000005e-001	6.990000e-001	3.632339e-002	-9.073522e-001
7.000000000000005e-001	7.000000e-001	3.542487e-002	-8.898843e-001
7.010000000000005e-001	7.010000e-001	3.454363e-002	-8.727871e-001
7.020000000000005e-001	7.020000e-001	3.367930e-002	-8.560456e-001
7.030000000000005e-001	7.030000e-001	3.283153e-002	-8.396469e-001
7.040000000000005e-001	7.040000e-001	3.200000e-002	-8.235825e-001
7.050000000000005e-001	7.050000e-001	3.118437e-002	-8.078376e-001
7.060000000000005e-001	7.060000e-001	3.038433e-002	-7.924009e-001
7.070000000000005e-001	7.070000e-001	2.959957e-002	-7.772623e-001
7.080000000000005e-001	7.080000e-001	2.882980e-002	-7.624123e-001
7.090000000000005e-001	7.090000e-001	2.807474e-002	-7.478409e-001
7.100000000000005e-001	7.100000e-001	2.733412e-002	-7.335385e-001
7.110000000000005e-001	7.110000e-001	2.660767e-002	-7.194979e-001
7.120000000000005e-001	7.120000e-001	2.589512e-002	-7.057087e-001
7.130000000000005e-001	7.130000e-001	2.519625e-002	-6.921645e-001
7.140000000000005e-001	7.140000e-001	2.451080e-002	-6.788578e-001
7.150000000000005e-001	7.150000e-001	2.383853e-002	-6.657792e-001
7.160000000000005e-001	7.160000e-001	2.317924e-002	-6.529242e-001
7.170000000000005e-001	7.170000e-001	2.253268e-002	-6.402852e-001
7.180000000000005e-001	7.180000e-001	2.189867e-002	-6.278548e-001
7.190000000000005e-001	7.190000e-001	2.127698e-002	-6.156284e-001
7.200000000000005e-001	7.200000e-001	2.066741e-002	-6.035995e-001
7.210000000000005e-001	7.210000e-001	2.006978e-002	-5.917624e-001
7.220000000000005e-001	7.220000e-001	1.948388e-002	-5.801115e-001
7.230000000000005e-001	7.230000e-001	1.890955e-002	-5.686413e-001
7.240000000000005e-001	7.240000e-001	1.834660e-002	-5.573481e-001
7.250000000000005e-001	7.250000e-001	1.779486e-002	-5.462253e-001
7.260000000000005e-001	7.260000e-001	1.725415e-002	-5.352702e-001
7.270000000000005e-001	7.270000e-001	1.672432e-002	-5.244771e-001
7.280000000000005e-001	7.280000e-001	1.620520e-002	-5.138414e-001
7.290000000000005e-001	7.290000e-001	1.569663e-002	-5.033608e-001
7.300000000000005e-001	7.300000e-001	1.519848e-002	-4.930287e-001
7.310000000000005e-001	7.310000e-001	1.471058e-002	-4.828428e-001
7.320000000000005e-001	7.320000e-001	1.423279e-002	-4.727994e-001
7.330000000000005e-001	7.330000e-001	1.376498e-002	-4.628943e-001
7.340000000000005e-001	7.340000e-001	1.330700e-002	-4.531252e-001
7.350000000000005e-001	7.350000e-001	1.285873e-002	-4.434879e-001
7.360000000000005e-001	7.360000e-001	1.242003e-002	-4.339786e-001
7.370000000000005e-001	7.370000e-001	1.199077e-002	-4.245951e-001
7.380000000000005e-001	7.380000e-001	1.157084e-002	-4.153345e-001
7.390000000000006e-001	7.390000e-001	1.116010e-002	-4.061935e-001
7.400000000000006e-001	7.400000e-001	1.075845e-002	-3.971695e-001
7.410000000000006e-001	7.410000e-001	1.036576e-002	-3.882595e-001
7.420000000000006e-001	7.420000e-001	9.981929e-003	-3.794613e-001
7.430000000000006e-001	7.430000e-001	9.606839e-003	-3.707721e-001
7.440000000000006e-001	7.440000e-001	9.240385e-003	-3.621886e-001
7.450000000000006e-001	7.450000e-001	8.882462e-003	-3.537098e-001
7.460000000000006e-001	7.460000e-001	8.532966e-003	-3.453335e-001
7.470000000000006e-001	7.470000e-001	8.191795e-003	-3.370559e-001
7.480000000000006e-001	7.480000e-001	7.858854e-003	-3.288758e-001
7.490000000000006e-001	7.490000e-001	7.534043e-003	-3.207915e-001
7.500000000000006e-001	7.500000e-001	7.217271e-003	-3.128001e-001
7.510000000000006e-001	7.510000e-001	6.908443e-003	-3.049001e-001
7.520000000000006e-001	7.520000e-001	6.607471e-003	-2.970896e-001
7.530000000000006e-001	7.530000e-001	6.314264e-003	-2.893666e-001
7.540000000000006e-001	7.540000e-001	6.028737e-003	-2.817290e-001
7.550000000000006e-001	7.550000e-001	5.750806e-003	-2.741755e-001
7.560000000000006e-001	7.560000e-001	5.480386e-003	-2.667042e-001
7.570000000000006e-001	7.570000e-001	5.217398e-003	-2.593135e-001
7.580000000000006e-001	7.580000e-001	4.961759e-003	-2.520019e-001
7.590000000000006e-001	7.590000e-001	4.713394e-003	-2.447676e-001
7.600000000000006e-001	7.600000e-001	4.472224e-003	-2.376093e-001
7.610000000000006e-001	7.610000e-001	4.238175e-003	-2.305249e-001
7.620000000000006e-001	7.620000e-001	4.011174e-003	-2.235137e-001
7.630000000000006e-001	7.630000e-001	3.791148e-003	-2.165742e-001
7.640000000000006e-001	7.640000e-001	3.578026e-003	-2.097046e-001
7.650000000000006e-001	7.650000e-001	3.371739e-003	-2.029040e-001
7.660000000000006e-001	7.660000e-001	3.172218e-003	-1.961709e-001
7.670000000000006e-001	7.670000e-001	2.979397e-003	-1.895040e-001
7.680000000000006e-001	7.680000e-001	2.793210e-003	-1.829021e-001
7.690000000000006e-001	7.690000e-001	2.613593e-003	-1.763641e-001
7.700000000000006e-001	7.700000e-001	2.440482e-003	-1.698888e-001
7.710000000000006e-001	7.710000e-001	2.273815e-003	-1.634751e-001
7.720000000000006e-001	7.720000e-001	2.113532e-003	-1.571217e-001
7.730000000000006e-001	7.730000e-001	1.959572e-003	-1.508277e-001
7.740000000000006e-001	7.740000e-001	1.811876e-003	-1.445920e-001
7.750000000000006e-001	7.750000e-001	1.670388e-003	-1.384136e-001
7.760000000000006e-001	7.760000e-001	1.535049e-003	-1.322914e-001
7.770000000000006e-001	7.770000e-001	1.405805e-003	-1.262245e-001
7.780000000000006e-001	7.780000e-001	1.282600e-003	-1.202120e-001
7.790000000000006e-001	7.790000e-001	1.165381e-003	-1.142528e-001
7.800000000000006e-001	7.800000e-001	1.054094e-003	-1.083462e-001
7.810000000000006e-001	7.810000e-001	9.486884e-004	-1.024912e-001
7.820000000000006e-001	7.820000e-001	8.491119e-004	-9.668685e-002
7.830000000000006e-001	7.830000e-001	7.553147e-004	-9.093244e-002
7.840000000000006e-001	7.840000e-001	6.672470e-004	-8.522708e-002
7.850000000000006e-001	7.850000e-001	5.848605e-004	-7.956996e-002
7.860000000000006e-001	7.860000e-001	5.081071e-004	-7.396033e-002
7.870000000000006e-001	7.870000e-001	4.369399e-004	-6.839738e-002
7.880000000000006e-001	7.880000e-001	3.713124e-004	-6.288037e-002
7.890000000000006e-001	7.890000e-001	3.111791e-004	-5.740854e-002
7.900000000000006e-001	7.900000e-001	2.564953e-004	-5.198120e-002
7.910000000000006e-001	7.910000e-001	2.072167e-004	-4.659765e-002
7.920000000000006e-001	7.920000e-001	1.633000e-004	-4.125716e-002
7.930000000000006e-001	7.930000e-001	1.247024e-004	-3.595908e-002
7.940000000000006e-001	7.940000e-001	9.138183e-005	-3.070275e-002
7.950000000000006e-001	7.950000e-001	6.329688e-005	-2.548753e-002
7.960000000000006e-001	7.960000e-001	4.040677e-005	-2.031277e-002
7.970000000000006e-001	7.970000e-001	2.267134e-005	-1.517786e-002
7.980000000000006e-001	7.980000e-001	1.005105e-005	-1.008220e-002
7.990000000000006e-001	7.990000e-001	2.506935e-006	-5.025194e-003
8.000000000000006e-001	8.000000e-001	6.588495e-010	-1.253124e-003
8.010000000000006e-001	8.010000e-001	6.860967e-010	1.750958e-008
8.020000000000006e-001	8.020000e-001	6.938686e-010	3.025052e-009
8.030000000000006e-001	8.030000e-001	6.921468e-010	-1.717515e-009
8.040000000000006e-001	8.040000e-001	6.904336e-010	-1.708994e-009
8.050000000000006e-001	8.050000e-001	6.887289e-010	-1.700556e-009
8.060000000000006e-001	8.060000e-001	6.870325e-010	-1.692202e-009
8.070000000000006e-001	8.070000e-001	6.853444e-010	-1.683903e-009
8.080000000000006e-001	8.080000e-001	6.836647e-010	-1.675660e-009
8.090000000000006e-001	8.090000e-001	6.819931e-010	-1.667472e-009
8.100000000000006e-001	8.100000e-001	6.803297e-010	-1.659367e-009
8.110000000000006e-001	8.110000e-001	6.786744e-010	-1.651290e-009
8.120000000000006e-001	8.120000e-001	6.770272e-010	-1.643269e-009
8.130000000000006e-001	8.130000e-001	6.753879e-010	-1.635331e-009
8.140000000000006e-001	8.140000e-001	6.737565e-010	-1.627448e-009
8.150000000000006e-001	8.150000e-001	6.721330e-010	-1.619621e-009
8.160000000000006e-001	8.160000e-001	6.705173e-010	-1.611822e-009
8.170000000000006e-001	8.170000e-001	6.689093e-010	-1.604106e-009
8.180000000000006e-001	8.180000e-001	6.673090e-010	-1.596445e-009
8.190000000000006e-001	8.190000e-001	6.657164e-010	-1.588812e-009
8.200000000000006e-001	8.200000e-001	6.641314e-010	-1.581263e-009
8.210000000000006e-001	8.210000e-001	6.625539e-010	-1.573797e-009
8.220000000000006e-001	8.220000e-001	6.609838e-010	-1.566330e-009
8.230000000000006e-001	8.230000e-001	6.594212e-010	-1.558920e-009
8.240000000000006e-001	8.240000e-001	6.578660e-010	-1.551592e-009
8.250000000000006e-001	8.250000e-001	6.563181e-010	-1.544265e-009
8.260000000000006e-001	8.260000e-001	6.547775e-010	-1.537021e-009
8.270000000000006e-001	8.270000e-001	6.532440e-010	-1.529860e-009
8.280000000000006e-001	8.280000e-001	6.517177e-010	-1.522726e-009
8.290000000000006e-001	8.290000e-001	6.501986e-010	-1.515621e-009
8.300000000000006e-001	8.300000e-001	6.486865e-010	-1.508571e-009
8.310000000000006e-001	8.310000e-001	6.471814e-010	-1.501604e-009
8.320000000000006e-001	8.320000e-001	6.456833e-010	-1.494666e-009
8.330000000000006e-001	8.330000e-001	6.441921e-010	-1.487754e-009
8.340000000000006e-001	8.340000e-001	6.427078e-010	-1.480899e-009
8.350000000000006e-001	8.350000e-001	6.412303e-010	-1.474099e-009
8.360000000000006e-001	8.360000e-001	6.397596e-010	-1.467326e-009
8.370000000000006e-001	8.370000e-001	6.382956e-010	-1.460637e-009
8.380000000000006e-001	8.380000e-001	6.368383e-010	-1.453976e-009
8.390000000000006e-001	8.390000e-001	6.353877e-010	-1.447342e-009
8.400000000000006e-001	8.400000e-001	6.339436e-010	-1.440792e-009
8.410000000000006e-001	8.410000e-001	6.325061e-010	-1.434269e-009
8.420000000000006e-001	8.420000e-001	6.310751e-010	-1.427775e-009
8.430000000000006e-001	8.430000e-001	6.296506e-010	-1.421335e-009
8.440000000000006e-001	8.440000e-001	6.282324e-010	-1.414951e-009
8.450000000000006e-001	8.450000e-001	6.268207e-010	-1.408595e-009
8.460000000000006e-001	8.460000e-001	6.254152e-010	-1.402295e-009
8.470000000000006e-001	8.470000e-001	6.240161e-010	-1.396022e-009
8.480000000000006e-001	8.480000e-001	6.226232e-010	-1.389777e-009
8.490000000000006e-001	8.490000e-001	6.212365e-010	-1.383615e-009
8.500000000000006e-001	8.500000e-001	6.198559e-010	-1.377481e-009
8.510000000000006e-001	8.510000e-001	6.184815e-010	-1.371347e-009
8.520000000000007e-001	8.520000e-001	6.171132e-010	-1.365297e-009
8.530000000000007e-001	8.530000e-001	6.157510e-010	-1.359274e-009
8.540000000000007e-001	8.540000e-001	6.143947e-010	-1.353306e-009
8.550000000000007e-001	8.550000e-001	6.130443e-010	-1.347367e-009
8.560000000000007e-001	8.560000e-001	6.117000e-010	-1.341455e-009
8.570000000000007e-001	8.570000e-001	6.103614e-010	-1.335598e-009
8.580000000000007e-001	8.580000e-001	6.090288e-010	-1.329742e-009
8.590000000000007e-001	8.590000e-001	6.077019e-010	-1.323969e-009
8.600000000000007e-001	8.600000e-001	6.063808e-010	-1.318223e-009
8.610000000000007e-001	8.610000e-001	6.050655e-010	-1.312506e-009
8.620000000000007e-001	8.620000e-001	6.037558e-010	-1.306844e-009
8.630000000000007e-001	8.630000e-001	6.024518e-010	-1.301209e-009
8.640000000000007e-001	8.640000e-001	6.011534e-010	-1.295603e-009
8.650000000000007e-001	8.650000e-001	5.998606e-010	-1.290024e-009
8.660000000000007e-001	8.660000e-001	5.985734e-010	-1.284500e-009
8.670000000000007e-001	8.670000e-001	5.972916e-010	-1.279005e-009
8.680000000000007e-001	8.680000e-001	5.960153e-010	-1.273537e-009
8.690000000000007e-001	8.690000e-001	5.947445e-010	-1.268124e-009
8.700000000000007e-001	8.700000e-001	5.934791e-010	-1.262740e-009
8.710000000000007e-001	8.710000e-001	5.922191e-010	-1.257355e-009
8.720000000000007e-001	8.720000e-001	5.909644e-010	-1.252026e-009
8.730000000000007e-001	8.730000e-001	5.897150e-010	-1.246780e-009
8.740000000000007e-001	8.740000e-001	5.884708e-010	-1.241507e-009
8.750000000000007e-001	8.750000e-001	5.872320e-010	-1.236261e-009
8.760000000000007e-001	8.760000e-001	5.859983e-010	-1.231099e-009
8.770000000000007e-001	8.770000e-001	5.847698e-010	-1.225936e-009
8.780000000000007e-001	8.780000e-001	5.835464e-010	-1.220829e-009
8.790000000000007e-001	8.790000e-001	5.823281e-010	-1.215722e-009
8.800000000000007e-001	8.800000e-001	5.811150e-010	-1.210643e-009
8.810000000000007e-001	8.810000e-001	5.799068e-010	-1.205647e-009
8.820000000000007e-001	8.820000e-001	5.787037e-010	-1.200651e-009
8.830000000000007e-001	8.830000e-001	5.775055e-010	-1.195655e-009
8.840000000000007e-001	8.840000e-001	5.763124e-010	-1.190714e-009
8.850000000000007e-001	8.850000e-001	5.751241e-010	-1.185829e-009
8.860000000000007e-001	8.860000e-001	5.739407e-010	-1.180972e-009
8.870000000000007e-001	8.870000e-001	5.727622e-010	-1.176115e-009
8.880000000000007e-001	8.880000e-001	5.715885e-010	-1.171285e-009
8.890000000000007e-001	8.890000e-001	5.704196e-010	-1.166511e-009
8.900000000000007e-001	8.900000e-001	5.692555e-010	-1.161737e-009
8.910000000000007e-001	8.910000e-001	5.680961e-010	-1.157019e-009
8.920000000000007e-001	8.920000e-001	5.669414e-010	-1.152328e-009
8.930000000000007e-001	8.930000e-001	5.657915e-010	-1.147665e-009
8.940000000000007e-001	8.940000e-001	5.646461e-010	-1.143030e-009
8.950000000000007e-001	8.950000e-001	5.635054e-010	-1.138395e-009
8.960000000000007e-001	8.960000e-001	5.623693e-010	-1.133815e-009
8.970000000000007e-001	8.970000e-001	5.612378e-010	-1.129263e-009
8.980000000000007e-001	8.980000e-001	5.601108e-010	-1.124711e-009
8.990000000000007e-001	8.990000e-001	5.589884e-010	-1.120215e-009
9.000000000000007e-001	9.000000e-001	5.578704e-010	-1.115746e-009
9.010000000000007e-001	9.010000e-001	5.567569e-010	-1.111278e-009
9.020000000000007e-001	9.020000e-001	5.556478e-010	-1.106865e-009
9.030000000000007e-001	9.030000e-001	5.545431e-010	-1.102479e-009
9.040000000000007e-001	9.040000e-001	5.534428e-010	-1.098122e-009
9.050000000000007e-001	9.050000e-001	5.523469e-010	-1.093764e-009
9.060000000000007e-001	9.060000e-001	5.512553e-010	-1.089434e-009
9.070000000000007e-001	9.070000e-001	5.501680e-010	-1.085160e-009
9.080000000000007e-001	9.080000e-001	5.490850e-010	-1.080885e-009
9.090000000000007e-001	9.090000e-001	5.480063e-010	-1.076639e-009
9.100000000000007e-001	9.100000e-001	5.469317e-010	-1.072420e-009
9.110000000000007e-001	9.110000e-001	5.458614e-010	-1.068229e-009
9.120000000000007e-001	9.120000e-001	5.447953e-010	-1.064066e-009
9.130000000000007e-001	9.130000e-001	5.437333e-010	-1.059902e-009
9.140000000000007e-001	9.140000e-001	5.426755e-010	-1.055794e-009
9.150000000000007e-001	9.150000e-001	5.416217e-010	-1.051687e-009
9.160000000000007e-001	9.160000e-001	5.405721e-010	-1.047606e-009
9.170000000000007e-001	9.170000e-001	5.395265e-010	-1.043582e-009
9.180000000000007e-001	9.180000e-001	5.384849e-010	-1.039557e-009
9.190000000000007e-001	9.190000e-001	5.374474e-010	-1.035561e-009
9.200000000000007e-001	9.200000e-001	5.364138e-010	-1.031564e-009
9.210000000000007e-001	9.210000e-001	5.353842e-010	-1.027595e-009
9.220000000000007e-001	9.220000e-001	5.343586e-010	-1.023681e-009
9.230000000000007e-001	9.230000e-001	5.333369e-010	-1.019768e-009
9.240000000000007e-001	9.240000e-001	5.323191e-010	-1.015882e-009
9.250000000000007e-001	9.250000e-001	5.313051e-010	-1.012024e-009
9.260000000000007e-001	9.260000e-001	5.302950e-010	-1.008166e-009
9.270000000000007e-001	9.270000e-001	5.292888e-010	-1.004336e-009
9.280000000000007e-001	9.280000e-001	5.282864e-010	-1.000561e-009
9.290000000000007e-001	9.290000e-001	5.272877e-010	-9.967860e-010
9.300000000000007e-001	9.300000e-001	5.262928e-010	-9.929835e-010
9.310000000000007e-001	9.310000e-001	5.253017e-010	-9.892642e-010
9.320000000000007e-001	9.320000e-001	5.243143e-010	-9.855727e-010
9.330000000000007e-001	9.330000e-001	5.233305e-010	-9.818535e-010
9.340000000000007e-001	9.340000e-001	5.223506e-010	-9.781898e-010
9.350000000000007e-001	9.350000e-001	5.213742e-010	-9.745538e-010
9.360000000000007e-001	9.360000e-001	5.204014e-010	-9.708900e-010
9.370000000000007e-001	9.370000e-001	5.194324e-010	-9.672818e-010
9.380000000000007e-001	9.380000e-001	5.184669e-010	-9.637013e-010
9.390000000000007e-001	9.390000e-001	5.175050e-010	-9.601209e-010
9.400000000000007e-001	9.400000e-001	5.165466e-010	-9.565682e-010
9.410000000000007e-001	9.410000e-001	5.155918e-010	-9.530432e-010
9.420000000000007e-001	9.420000e-001	5.146406e-010	-9.495182e-010
9.430000000000007e-001	9.430000e-001	5.136928e-010	-9.460210e-010
9.440000000000007e-001	9.440000e-001	5.127485e-010	-9.425793e-010
9.450000000000007e-001	9.450000e-001	5.118077e-010	-9.391099e-010
9.460000000000007e-001	9.460000e-001	5.108703e-010	-9.356405e-010
9.470000000000007e-001	9.470000e-001	5.099364e-010	-9.322265e-010
9.480000000000007e-001	9.480000e-001	5.090058e-010	-9.288681e-010
9.490000000000007e-001	9.490000e-001	5.080786e-010	-9.254819e-010
9.500000000000007e-001	9.500000e-001	5.071549e-010	-9.220957e-010
9.510000000000007e-001	9.510000e-001	5.062344e-010	-9.187651e-010
9.520000000000007e-001	9.520000e-001	5.053173e-010	-9.154344e-010
9.530000000000007e-001	9.530000e-001	5.044036e-010	-9.121037e-010
9.540000000000007e-001	9.540000e-001	5.034931e-010	-9.088286e-010
9.550000000000007e-001	9.550000e-001	5.025859e-010	-9.055812e-010
9.560000000000007e-001	9.560000e-001	5.016820e-010	-9.023060e-010
9.570000000000007e-001	9.570000e-001	5.007813e-010	-8.990586e-010
9.580000000000007e-001	9.580000e-001	4.998839e-010	-8.958667e-010
9.590000000000007e-001	9.590000e-001	4.989896e-010	-8.926471e-010
9.600000000000007e-001	9.600000e-001	4.980986e-010	-8.894552e-010
9.610000000000007e-001	9.610000e-001	4.972107e-010	-8.863188e-010
9.620000000000007e-001	9.620000e-001	4.963259e-010	-8.831547e-010
9.630000000000007e-001	9.630000e-001	4.954444e-010	-8.799905e-010
9.640000000000008e-001	9.640000e-001	4.945659e-010	-8.768819e-010
9.650000000000008e-001	9.650000e-001	4.936906e-010	-8.738010e-010
9.660000000000008e-001	9.660000e-001	4.928183e-010	-8.706924e-010
9.670000000000008e-001	9.670000e-001	4.919492e-010	-8.676393e-010
9.680000000000008e-001	9.680000e-001	4.910831e-010	-8.645862e-010
9.690000000000008e-001	9.690000e-001	4.902200e-010	-8.615331e-010
9.700000000000008e-001	9.700000e-001	4.893600e-010	-8.585355e-010
9.710000000000008e-001	9.710000e-001	4.885030e-010	-8.555379e-010
9.720000000000008e-001	9.720000e-001	4.876489e-010	-8.525403e-010
9.730000000000008e-001	9.730000e-001	4.867979e-010	-8.495704e-010
9.740000000000008e-001	9.740000e-001	4.859498e-010	-8.466006e-010
9.750000000000008e-001	9.750000e-001	4.851047e-010	-8.436585e-010
9.760000000000008e-001	9.760000e-001	4.842625e-010	-8.407441e-010
9.770000000000008e-001	9.770000e-001	4.834232e-010	-8.378298e-010
9.780000000000008e-001	9.780000e-001	4.825868e-010	-8.349155e-010
9.790000000000008e-001	9.790000e-001	4.817534e-010	-8.320289e-010
9.800000000000008e-001	9.800000e-001	4.809227e-010	-8.291978e-010
9.810000000000008e-001	9.810000e-001	4.800950e-010	-8.263390e-010
9.820000000000008e-001	9.820000e-001	4.792701e-010	-8.234802e-010
9.830000000000008e-001	9.830000e-001	4.784480e-010	-8.206769e-010
9.840000000000008e-001	9.840000e-001	4.776287e-010	-8.178735e-010
9.850000000000008e-001	9.850000e-001	4.768123e-010	-8.150425e-010
9.860000000000008e-001	9.860000e-001	4.759986e-010	-8.122669e-010
9.870000000000008e-001	9.870000e-001	4.751877e-010	-8.095191e-010
9.880000000000008e-001	9.880000e-001	4.743796e-010	-8.067713e-010
9.890000000000008e-001	9.890000e-001	4.735742e-010	-8.040513e-010
9.900000000000008e-001	9.900000e-001	4.727715e-010	-8.013035e-010
9.910000000000008e-001	9.910000e-001	4.719716e-010	-7.985834e-010
9.920000000000008e-001	9.920000e-001	4.711743e-010	-7.959189e-010
9.930000000000008e-001	9.930000e-001	4.703797e-010	-7.932266e-010
9.940000000000008e-001	9.940000e-001	4.695879e-010	-7.905621e-010
9.950000000000008e-001	9.950000e-001	4.687986e-010	-7.878975e-010
9.960000000000008e-001	9.960000e-001	4.680121e-010	-7.852607e-010
9.970000000000008e-001	9.970000e-001	4.672281e-010	-7.826517e-010
9.980000000000008e-001	9.980000e-001	4.664468e-010	-7.799872e-010
9.990000000000008e-001	9.990000e-001	4.656681e-010	-7.773920e-010
1.000000000000001e+000	1.000000e+000	4.648920e-010	-7.748385e-010
1.001000000000001e+000	1.001000e+000	4.641184e-010	-7.722573e-010
1.002000000000000e+000	1.002000e+000	4.633475e-010	-7.696760e-010
1.003000000000000e+000	1.003000e+000	4.625791e-010	-7.671225e-010
1.004000000000000e+000	1.004000e+000	4.618132e-010	-7.645967e-010
1.005000000000000e+000	1.005000e+000	4.610499e-010	-7.620710e-010
1.006000000000000e+000	1.006000e+000	4.602891e-010	-7.595591e-010
1.007000000000000e+000	1.007000e+000	4.595308e-010	-7.570611e-010
1.008000000000000e+000	1.008000e+000	4.587750e-010	-7.545631e-010
1.009000000000000e+000	1.009000e+000	4.580216e-010	-7.520790e-010
1.010000000000000e+000	1.010000e+000	4.572708e-010	-7.496226e-010
1.011000000000000e+000	1.011000e+000	4.565224e-010	-7.471801e-010
1.011999999999999e+000	1.012000e+000	4.557764e-010	-7.447376e-010
1.012999999999999e+000	1.013000e+000	4.550329e-010	-7.423090e-010
1.013999999999999e+000	1.014000e+000	4.542918e-010	-7.398943e-010
1.014999999999999e+000	1.015000e+000	4.535531e-010	-7.374795e-010
1.015999999999999e+000	1.016000e+000	4.528169e-010	-7.350925e-010
1.016999999999999e+000	1.017000e+000	4.520830e-010	-7.327194e-010
1.017999999999999e+000	1.018000e+000	4.513514e-010	-7.303463e-010
1.018999999999999e+000	1.019000e+000	4.506223e-010	-7.279871e-010
1.019999999999999e+000	1.020000e+000	4.498955e-010	-7.256418e-010
1.020999999999998e+000	1.021000e+000	4.491710e-010	-7.232964e-010
1.021999999999998e+000	1.022000e+000	4.484489e-010	-7.209788e-010
1.022999999999998e+000	1.023000e+000	4.477290e-010	-7.186751e-010
1.023999999999998e+000	1.024000e+000	4.470115e-010	-7.163575e-010
1.024999999999998e+000	1.025000e+000	4.462963e-010	-7.140677e-010
1.025999999999998e+000	1.026000e+000	4.455834e-010	-7.118056e-010
1.026999999999998e+000	1.027000e+000	4.448727e-010	-7.095297e-010
1.027999999999998e+000	1.028000e+000	4.441643e-010	-7.072676e-010
1.028999999999998e+000	1.029000e+000	4.434582e-010	-7.050333e-010
1.029999999999997e+000	1.030000e+000	4.427542e-010	-7.027851e-010
1.030999999999997e+000	1.031000e+000	4.420526e-010	-7.005507e-010
1.031999999999997e+000	1.032000e+000	4.413531e-010	-6.983442e-010
1.032999999999997e+000	1.033000e+000	4.406559e-010	-6.961376e-010
1.033999999999997e+000	1.034000e+000	4.399609e-010	-6.939449e-010
1.034999999999997e+000	1.035000e+000	4.392680e-010	-6.917661e-010
1.035999999999997e+000	1.036000e+000	4.385773e-010	-6.895873e-010
1.036999999999997e+000	1.037000e+000	4.378888e-010	-6.874223e-010
1.037999999999997e+000	1.038000e+000	4.372025e-010	-6.852713e-010
1.038999999999996e+000	1.039000e+000	4.365183e-010	-6.831341e-010
1.039999999999996e+000	1.040000e+000	4.358362e-010	-6.809969e-010
1.040999999999996e+000	1.041000e+000	4.351563e-010	-6.788736e-010
1.041999999999996e+000	1.042000e+000	4.344785e-010	-6.767642e-010
1.042999999999996e+000	1.043000e+000	4.338028e-010	-6.746548e-010
1.043999999999996e+000	1.044000e+000	4.331292e-010	-6.725592e-010
1.044999999999996e+000	1.045000e+000	4.324577e-010	-6.704776e-010
1.045999999999996e+000	1.046000e+000	4.317882e-010	-6.684098e-010
1.046999999999996e+000	1.047000e+000	4.311208e-010	-6.663420e-010
1.047999999999995e+000	1.048000e+000	4.304555e-010	-6.642742e-010
1.048999999999995e+000	1.049000e+000	4.297923e-010	-6.622342e-010
1.049999999999995e+000	1.050000e+000	4.291311e-010	-6.602080e-010
1.050999999999995e+000	1.051000e+000	4.284719e-010	-6.581818e-010
1.051999999999995e+000	1.052000e+000	4.278147e-010	-6.561557e-010
1.052999999999995e+000	1.053000e+000	4.271596e-010	-6.541573e-010
1.053999999999995e+000	1.054000e+000	4.265064e-010	-6.521589e-010
1.054999999999995e+000	1.055000e+000	4.258552e-010	-6.501605e-010
1.055999999999995e+000	1.056000e+000	4.252061e-010	-6.481760e-010
1.056999999999994e+000	1.057000e+000	4.245589e-010	-6.462053e-010
1.057999999999994e+000	1.058000e+000	4.239137e-010	-6.442485e-010
1.058999999999994e+000	1.059000e+000	4.232704e-010	-6.422918e-010
1.059999999999994e+000	1.060000e+000	4.226291e-010	-6.403489e-010
1.060999999999994e+000	1.061000e+000	4.219897e-010	-6.384199e-010
1.061999999999994e+000	1.062000e+000	4.213522e-010	-6.364909e-010
1.062999999999994e+000	1.063000e+000	4.207167e-010	-6.345618e-010
1.063999999999994e+000	1.064000e+000	4.200831e-010	-6.326467e-010
1.064999999999994e+000	1.065000e+000	4.194514e-010	-6.307593e-010
1.065999999999993e+000	1.066000e+000	4.188216e-010	-6.288720e-010
1.066999999999993e+000	1.067000e+000	4.181937e-010	-6.269707e-010
1.067999999999993e+000	1.068000e+000	4.175676e-010	-6.250972e-010
1.068999999999993e+000	1.069000e+000	4.169435e-010	-6.232376e-010
1.069999999999993e+000	1.070000e+000	4.163212e-010	-6.213779e-010
1.070999999999993e+000	1.071000e+000	4.157007e-010	-6.195322e-010
1.071999999999993e+000	1.072000e+000	4.150821e-010	-6.176865e-010
1.072999999999993e+000	1.073000e+000	4.144654e-010	-6.158407e-010
1.073999999999993e+000	1.074000e+000	4.138504e-010	-6.140227e-010
1.074999999999992e+000	1.075000e+000	4.132373e-010	-6.122047e-010
1.075999999999992e+000	1.076000e+000	4.126260e-010	-6.103867e-010
1.076999999999992e+000	1.077000e+000	4.120165e-010	-6.085965e-010
1.077999999999992e+000	1.078000e+000	4.114088e-010	-6.068063e-010
1.078999999999992e+000	1.079000e+000	4.108029e-010	-6.050160e-010
1.079999999999992e+000	1.080000e+000	4.101988e-010	-6.032397e-010
1.080999999999992e+000	1.081000e+000	4.095964e-010	-6.014633e-010
1.081999999999992e+000	1.082000e+000	4.089959e-010	-5.997008e-010
1.082999999999992e+000	1.083000e+000	4.083970e-010	-5.979384e-010
1.083999999999991e+000	1.084000e+000	4.078000e-010	-5.961898e-010
1.084999999999991e+000	1.085000e+000	4.072047e-010	-5.944689e-010
1.085999999999991e+000	1.086000e+000	4.066111e-010	-5.927342e-010
1.086999999999991e+000	1.087000e+000	4.060192e-010	-5.909995e-010
1.087999999999991e+000	1.088000e+000	4.054291e-010	-5.892925e-010
1.088999999999991e+000	1.089000e+000	4.048406e-010	-5.875855e-010
1.089999999999991e+000	1.090000e+000	4.042539e-010	-5.858647e-010
1.090999999999991e+000	1.091000e+000	4.036689e-010	-5.841716e-010
1.091999999999991e+000	1.092000e+000	4.030855e-010	-5.825063e-010
1.092999999999990e+000	1.093000e+000	4.025039e-010	-5.808132e-010
1.093999999999990e+000	1.094000e+000	4.019239e-010	-5.791340e-010
1.094999999999990e+000	1.095000e+000	4.013456e-010	-5.774825e-010
1.095999999999990e+000	1.096000e+000	4.007689e-010	-5.758172e-010
1.096999999999990e+000	1.097000e+000	4.001940e-010	-5.741657e-010
1.097999999999990e+000	1.098000e+000	3.996206e-010	-5.725281e-010
1.098999999999990e+000	1.099000e+000	3.990489e-010	-5.708906e-010
1.099999999999990e+000	1.100000e+000	3.984788e-010	-5.692530e-010
1.100999999999990e+000	1.101000e+000	3.979104e-010	-5.676293e-010
1.101999999999989e+000	1.102000e+000	3.973436e-010	-5.660195e-010
1.102999999999989e+000	1.103000e+000	3.967784e-010	-5.644096e-010
1.103999999999989e+000	1.104000e+000	3.962148e-010	-5.628137e-010
1.104999999999989e+000	1.105000e+000	3.956527e-010	-5.612177e-010
1.105999999999989e+000	1.106000e+000	3.950923e-010	-5.596218e-010
1.106999999999989e+000	1.107000e+000	3.945335e-010	-5.580397e-010
1.107999999999989e+000	1.108000e+000	3.939762e-010	-5.564577e-010
1.108999999999989e+000	1.109000e+000	3.934206e-010	-5.548895e-010
1.109999999999989e+000	1.110000e+000	3.928665e-010	-5.533352e-010
1.110999999999988e+000	1.111000e+000	3.923139e-010	-5.517808e-010
1.111999999999988e+000	1.112000e+000	3.917629e-010	-5.502265e-010
1.112999999999988e+000	1.113000e+000	3.912135e-010	-5.486861e-010
1.113999999999988e+000	1.114000e+000	3.906655e-010	-5.471595e-010
1.114999999999988e+000	1.115000e+000	3.901191e-010	-5.456191e-010
1.115999999999988e+000	1.116000e+000	3.895743e-010	-5.440925e-010
1.116999999999988e+000	1.117000e+000	3.890309e-010	-5.425937e-010
1.117999999999988e+000	1.118000e+000	3.884891e-010	-5.410811e-010
1.118999999999988e+000	1.119000e+000	3.879488e-010	-5.395545e-010
1.119999999999988e+000	1.120000e+000	3.874100e-010	-5.380696e-010
1.120999999999987e+000	1.121000e+000	3.868726e-010	-5.365847e-010
1.121999999999987e+000	1.122000e+000	3.863368e-010	-5.350859e-010
1.122999999999987e+000	1.123000e+000	3.858025e-010	-5.336148e-010
1.123999999999987e+000	1.124000e+000	3.852696e-010	-5.321438e-010
1.124999999999987e+000	1.125000e+000	3.847382e-010	-5.306727e-010
1.125999999999987e+000	1.126000e+000	3.842082e-010	-5.292156e-010
1.126999999999987e+000	1.127000e+000	3.836798e-010	-5.277584e-010
1.127999999999987e+000	1.128000e+000	3.831527e-010	-5.263012e-010
1.128999999999987e+000	1.129000e+000	3.826272e-010	-5.248718e-010
1.129999999999986e+000	1.130000e+000	3.821030e-010	-5.234424e-010
1.130999999999986e+000	1.131000e+000	3.815803e-010	-5.219991e-010
1.131999999999986e+000	1.132000e+000	3.810590e-010	-5.205697e-010
1.132999999999986e+000	1.133000e+000	3.805391e-010	-5.191542e-010
1.133999999999986e+000	1.134000e+000	3.800207e-010	-5.177386e-010
1.134999999999986e+000	1.135000e+000	3.795037e-010	-5.163231e-010
1.135999999999986e+000	1.136000e+000	3.789880e-010	-5.149353e-010
1.136999999999986e+000	1.137000e+000	3.784738e-010	-5.135337e-010
1.137999999999986e+000	1.138000e+000	3.779610e-010	-5.121320e-010
1.138999999999985e+000	1.139000e+000	3.774495e-010	-5.107581e-010
1.139999999999985e+000	1.140000e+000	3.769395e-010	-5.093842e-010
1.140999999999985e+000	1.141000e+000	3.764307e-010	-5.080103e-010
1.141999999999985e+000	1.142000e+000	3.759234e-010	-5.066364e-010
1.142999999999985e+000	1.143000e+000	3.754175e-010	-5.052764e-010
1.143999999999985e+000	1.144000e+000	3.749129e-010	-5.039164e-010
1.144999999999985e+000	1.145000e+000	3.744096e-010	-5.025563e-010
1.145999999999985e+000	1.146000e+000	3.739078e-010	-5.012102e-010
1.146999999999985e+000	1.147000e+000	3.734072e-010	-4.998779e-010
1.147999999999984e+000	1.148000e+000	3.729080e-010	-4.985456e-010
1.148999999999984e+000	1.149000e+000	3.724101e-010	-4.972134e-010
1.149999999999984e+000	1.150000e+000	3.719136e-010	-4.958811e-010
1.150999999999984e+000	1.151000e+000	3.714184e-010	-4.945627e-010
1.151999999999984e+000	1.152000e+000	3.709245e-010	-4.932582e-010
1.152999999999984e+000	1.153000e+000	3.704319e-010	-4.919537e-010
1.153999999999984e+000	1.154000e+000	3.699406e-010	-4.906353e-010
1.154999999999984e+000	1.155000e+000	3.694506e-010	-4.893308e-010
1.155999999999984e+000	1.156000e+000	3.689619e-010	-4.880540e-010
1.156999999999983e+000	1.157000e+000	3.684745e-010	-4.867634e-010
1.157999999999983e+000	1.158000e+000	3.679884e-010	-4.854728e-010
1.158999999999983e+000	1.159000e+000	3.675035e-010	-4.841960e-010
1.159999999999983e+000	1.160000e+000	3.670200e-010	-4.829193e-010
1.160999999999983e+000	1.161000e+000	3.665377e-010	-4.816425e-010
1.161999999999983e+000	1.162000e+000	3.660567e-010	-4.803935e-010
1.162999999999983e+000	1.163000e+000	3.655769e-010	-4.791445e-010
1.163999999999983e+000	1.164000e+000	3.650984e-010	-4.778677e-010
1.164999999999983e+000	1.165000e+000	3.646212e-010	-4.766187e-010
1.165999999999982e+000	1.166000e+000	3.641452e-010	-4.753975e-010
1.166999999999982e+000	1.167000e+000	3.636704e-010	-4.741485e-010
1.167999999999982e+000	1.168000e+000	3.631969e-010	-4.729134e-010
1.168999999999982e+000	1.169000e+000	3.627245e-010	-4.716921e-010
1.169999999999982e+000	1.170000e+000	3.622535e-010	-4.704570e-010
1.170999999999982e+000	1.171000e+000	3.617836e-010	-4.692358e-010
1.171999999999982e+000	1.172000e+000	3.613150e-010	-4.680284e-010
1.172999999999982e+000	1.173000e+000	3.608476e-010	-4.668210e-010
1.173999999999982e+000	1.174000e+000	3.603814e-010	-4.655998e-010
1.174999999999981e+000	1.175000e+000	3.599164e-010	-4.644063e-010
1.175999999999981e+000	1.176000e+000	3.594526e-010	-4.632128e-010
1.176999999999981e+000	1.177000e+000	3.589899e-010	-4.620193e-010
1.177999999999981e+000	1.178000e+000	3.585285e-010	-4.608397e-010
1.178999999999981e+000	1.179000e+000	3.580683e-010	-4.596462e-010
1.179999999999981e+000	1.180000e+000	3.576092e-010	-4.584666e-010
1.180999999999981e+000	1.181000e+000	3.571513e-010	-4.573009e-010
1.181999999999981e+000	1.182000e+000	3.566946e-010	-4.561351e-010
1.182999999999981e+000	1.183000e+000	3.562391e-010	-4.549694e-010
1.183999999999980e+000	1.184000e+000	3.557847e-010	-4.538037e-010
1.184999999999980e+000	1.185000e+000	3.553315e-010	-4.526518e-010
1.185999999999980e+000	1.186000e+000	3.548794e-010	-4.515138e-010
1.186999999999980e+000	1.187000e+000	3.544284e-010	-4.503620e-010
1.187999999999980e+000	1.188000e+000	3.539787e-010	-4.492101e-010
1.188999999999980e+000	1.189000e+000	3.535300e-010	-4.480721e-010
1.189999999999980e+000	1.190000e+000	3.530825e-010	-4.469342e-010
1.190999999999980e+000	1.191000e+000	3.526361e-010	-4.458101e-010
1.191999999999980e+000	1.192000e+000	3.521909e-010	-4.446860e-010
1.192999999999979e+000	1.193000e+000	3.517468e-010	-4.435619e-010
1.193999999999979e+000	1.194000e+000	3.513038e-010	-4.424516e-010
1.194999999999979e+000	1.195000e+000	3.508619e-010	-4.413414e-010
1.195999999999979e+000	1.196000e+000	3.504211e-010	-4.402312e-010
1.196999999999979e+000	1.197000e+000	3.499814e-010	-4.391210e-010
1.197999999999979e+000	1.198000e+000	3.495428e-010	-4.380246e-010
1.198999999999979e+000	1.199000e+000	3.491054e-010	-4.369283e-010
1.200000000000000e+000	1.200000e+000	3.486690e-010	-4.363732e-010
